	B	CD4Tconv	CD8Tex	Endothelial	Fibroblasts	Malignant	Mast	Mono/Macro	Myofibroblasts	Plasma	Tprolif
spot_1	0.17176945318423947	0.2897377542158134	0.12705296405861555	0.005384104917552583	0.32465534915352345	0.05508839420993739	0.0015708156929972643	0.008102553851488097	0.008764310692489351	0.0038449628676979707	0.004029337155645604
spot_2	0.0988973205872477	0.09269041169789181	0.07899034069988936	0.0069692332046517695	0.01907018065758073	0.48890007774086	0.0020013331991720154	0.1875911431934398	0.003135442379177132	0.003581562764171903	0.018172953875917774
spot_3	0.03325659329602383	0.21705075825571873	0.13453194103255714	0.010727226139841898	0.0737758710200819	0.3365055554123857	0.0020987021895325446	0.07158813625557676	0.11201890007086861	0.0043471455791497604	0.004099170748263173
spot_4	0.024486158498338618	0.2165480934924119	0.07842494336168998	0.008297384819192932	0.09274120423953831	0.4385100959638348	0.001670040786291617	0.04487425075765598	0.004768371348998855	0.0033121756480573293	0.08636728108398974
spot_5	0.015244283213279424	0.17820982253828144	0.09820818024957698	0.0071396811260822325	0.06335198195167983	0.30173171668741616	0.0019534712610414337	0.14800520010671928	0.03152929251642033	0.1442694312592718	0.010356939090231259
spot_6	0.04123828756434776	0.10728022209716773	0.05054829878482547	0.298572266457721	0.26917353916530906	0.15341396123493875	0.0007665379279546255	0.04759083150456572	0.019480033135635875	0.0016432293718768637	0.01029279275565717
spot_7	0.009612214879175286	0.17024871073480427	0.10277570141680896	0.008341881188576669	0.025119835907439957	0.5674558527800333	0.001631631199767405	0.035023406303656336	0.011080342928255146	0.06538885374465574	0.0033215689168268883
spot_8	0.006223203835414185	0.10357368404721833	0.03321525108878256	0.33861891074702793	0.0983750757310557	0.301093540933405	0.0006466491794374764	0.00718878756392756	0.06313012956302973	0.04528320639136867	0.002651560919332697
spot_9	0.10774360691667796	0.130548390989956	0.0702456441680995	0.02772752348380387	0.3063249053235904	0.13754781043112393	0.0024209053071731278	0.15371182331922953	0.055250708280051415	0.00400451278509845	0.004474168995195875
spot_10	0.02695607179385358	0.07227680656214766	0.07166927766751582	0.18519245471810553	0.47522982184747353	0.0366998775920544	0.015731581115957405	0.002971236622693683	0.02406946743437895	0.08488945811362014	0.0043139465321991475
spot_11	0.11878033380043695	0.15912381790010074	0.12986088538626042	0.052742199060011624	0.20252167501225138	0.24137611319379149	0.07356834691651606	0.006268721182417498	0.005736460392415076	0.004852950286968656	0.005168496868829995
spot_12	0.22924518088304063	0.0781684900713566	0.10062795472868234	0.0067642611439600025	0.159705774966945	0.033911642270208014	0.0014697962469994866	0.06642481669639616	0.1416956322339547	0.17285914927167656	0.009127301486780356
spot_13	0.00815672348688271	0.23631736511682816	0.16810692511296613	0.1028106255844031	0.07222159911172109	0.017953111933992728	0.002417034964798393	0.37465944974206505	0.002916290981970335	0.0022722668913106115	0.012168607073061721
spot_14	0.012137444885273725	0.12203521102393663	0.0846009544673035	0.005729458722053429	0.016743645417247786	0.048430282048530275	0.09182680899158119	0.6054883969574804	0.002292293164963258	0.005246013660096117	0.005469490661533687
spot_15	0.008852104942450055	0.20479678508004343	0.08700875182654064	0.39981802241512315	0.04501493211833906	0.03954377990804865	0.001808021854800656	0.07987674885639116	0.12730677022835873	0.002453037240021928	0.0035210455298824643
spot_16	0.17003744666568815	0.20872485885115796	0.13097862587648051	0.007700484686827127	0.19374501524149454	0.20133379613669053	0.001715447508638413	0.030465825309266177	0.029147805488608777	0.004401728392844841	0.021748965842303146
spot_17	0.016990967655154038	0.20535252949154234	0.12078305050116515	0.054419923033645165	0.07955483698864593	0.29975290276959626	0.0019281618447604388	0.012141052235421996	0.02267178131717616	0.1762150983221958	0.01018969584069667
spot_18	0.022208572889511457	0.037757902976092786	0.052308988905725516	0.0043633942680868865	0.3468917087807277	0.10004929674216015	0.05624969941747286	0.3613572307211849	0.007956607572168692	0.003048450747962927	0.007808146978906055
spot_19	0.04600144933514618	0.21391241705869482	0.11630115668254347	0.010264459330230985	0.15080536216711923	0.3955687522630538	0.0021322106009620716	0.011683648041742751	0.02906503409015041	0.018970940065032936	0.005294570365323412
spot_20	0.004689021803387978	0.10244614354671051	0.04894339405625499	0.005429732750061425	0.4250733564181657	0.36993133846135506	0.02239955191698873	0.00522524449910253	0.011112715780304872	0.002583164099248573	0.002166336668419675
spot_21	0.00525269915604062	0.15381571273103736	0.12447149001533216	0.22573995163525354	0.12724645052734176	0.33511256996344946	0.0008349097003961005	0.006628248302795567	0.004450083897163817	0.002132914504509073	0.014314969566680599
spot_22	0.006870001179579922	0.17165814469275964	0.1745002057833234	0.004777245083808519	0.3807788824420238	0.22681821723418533	0.0011706055130445163	0.006017046050079847	0.009581475553024818	0.012876683249777792	0.004951493218392297
spot_23	0.00643675373449031	0.2235743032636781	0.07293768909141643	0.34216153105590313	0.11628405517142062	0.21477657837263797	0.001154925337714685	0.007383390781069221	0.00697112623115889	0.0026918565271221145	0.00562779043338835
spot_24	0.009465739083580742	0.10592543091477703	0.08878330781854138	0.010754956966092013	0.3402218741766999	0.2231984786020378	0.0015855696587514171	0.01659375088041882	0.0967622193977993	0.05093353715130595	0.055775135349995765
spot_25	0.06519004789412192	0.05681550781160179	0.08263497216762537	0.003859642509289697	0.022582193718982704	0.420162862465635	0.08484382477606735	0.04692677817912188	0.0026845540056700955	0.2043055762788678	0.009994040193016236
spot_26	0.10313689158377977	0.13377795301252832	0.1044526148093649	0.06535656978485416	0.07007989912119557	0.3340340862577321	0.0021631827715430786	0.16625483145031772	0.009073731532979967	0.0027436773399336736	0.008926562335770738
spot_27	0.00900400765696269	0.18262823845125045	0.20098928495048912	0.00929832678332985	0.04539540720553732	0.3706586463135693	0.012860299317105396	0.008396494732290385	0.15070984581817884	0.003461990877124238	0.00659745789416232
spot_28	0.018301514458856638	0.16206446051606202	0.17573100397937066	0.00388455484776938	0.2690074097352684	0.2601185179093851	0.001220513907387505	0.0930389140239879	0.006321494732435164	0.0021410045843740654	0.008170611305103112
spot_29	0.010570921171884488	0.13489581103562073	0.1383914217994869	0.03423188875863779	0.3075973642659891	0.25287863643523323	0.024516586455320944	0.03967249205593038	0.04601281426718151	0.003586892284605699	0.007645171470109074
spot_30	0.1220083767850753	0.03195627289216262	0.02319588580696549	0.018398036163006202	0.04243572151805431	0.059372445816885194	0.004643842031222885	0.5118984628496126	0.0033324731762446025	0.17389832240420625	0.008860160556564635
spot_31	0.013667219231858053	0.19444085957040902	0.23455783179130368	0.013990993535998074	0.007984597134888985	0.05523038160280686	0.002696073904499703	0.3443132606091669	0.0017675012587069685	0.11803019489837736	0.013321086461984457
spot_32	0.007894514433657646	0.24880887791906106	0.18540661472282954	0.006872990935723599	0.398510653135171	0.09720826375769825	0.0015598030465843711	0.007032744701027073	0.039915459692882994	0.0029064250172427834	0.003883652638121773
spot_33	0.07512350818387496	0.02542227497596243	0.010117468509916544	0.1825817426618039	0.3328411060633774	0.02531949890275343	0.002171409767192966	0.08672396988670653	0.0937270553232604	0.15884771315679796	0.007124252568353443
spot_34	0.018265891755483217	0.09243939885070651	0.13788011268370062	0.06741394675990009	0.10981416398145347	0.2184138532713078	0.004226899685243289	0.29940355352782067	0.028986344413568312	0.0020103862621856433	0.02114544880863036
spot_35	0.007589481892177468	0.13754690100694136	0.08936500943006154	0.005921474776516616	0.3389529792762072	0.06693134079362845	0.0020854956467679544	0.2958808471871935	0.049086525113978784	0.0021520537599987915	0.004487891116528246
spot_36	0.009498714256631171	0.25653389160735846	0.08374054773085271	0.004328394812682782	0.0906186627306755	0.3933900176339675	0.0011673393186418988	0.021339104167151336	0.02591817565116237	0.1094916734365961	0.0039734786542802375
spot_37	0.020685539369989552	0.11263262241406205	0.06229166379207541	0.0711590332002467	0.0815439078761931	0.19162590575599145	0.004300901012104095	0.3642694690489124	0.016323540321726858	0.04560963331123662	0.029557783897461724
spot_38	0.009437071996817191	0.0667859669389058	0.056035561093603345	0.42693465192308794	0.25231406364075953	0.03933777078859963	0.0009714772038543308	0.004629954605901893	0.008087958942439395	0.1303479431132211	0.005117579752809833
spot_39	0.1591137562439426	0.1050141280677782	0.09174661397165701	0.0044541394716270215	0.032460985626640265	0.5016215938387203	0.0785302512273126	0.007081404400667463	0.007879542924239584	0.005063776075573908	0.007033808151841049
spot_40	0.016943125003598656	0.1763639223206652	0.11119979996919067	0.00991977722213322	0.15101757755874584	0.31048593333866487	0.0031516046931241663	0.1717604695795376	0.04100477161775045	0.004360994148995291	0.0037920245475941312
spot_41	0.0029255696728276623	0.06702043314006456	0.02352189794425334	0.27522873917657126	0.17735628527127195	0.3733314859736615	0.0005072198062785403	0.004339136828447199	0.0731222525954651	0.001772344416935438	0.0008746351742234012
spot_42	0.0525104823230271	0.06112830086935726	0.04497244430050963	0.22153927353912656	0.25396911714821546	0.2704849763447464	0.0009832843932902201	0.009161548965353584	0.008744148860538386	0.06526226675411012	0.011244156501725331
spot_43	0.01697956867096303	0.08189693822873463	0.029142504674827274	0.04988911958790073	0.06952822528381204	0.3009586560866678	0.0010196061390174624	0.10355784041443701	0.015621544231538172	0.32202296463679186	0.009383032045310031
spot_44	0.07571905573212635	0.26709280690358916	0.2210556466521025	0.004300139743971114	0.09634791359599422	0.022997886973384177	0.0023987919999299318	0.2877369066972682	0.003463371541815975	0.0033831180511041045	0.01550436210871415
spot_45	0.1515931631518111	0.13865233745460423	0.0811609733390624	0.007874387769820747	0.37167087407824373	0.18019457059633562	0.0014295287497714513	0.009816147024195516	0.011473355132111845	0.04130270360518983	0.004831959098853463
spot_46	0.18629887883599727	0.18490330983899145	0.11677253154773586	0.0033592023109518415	0.04403040840395907	0.19919291006143852	0.05139108600590245	0.005732124097072545	0.002812362510229766	0.19666920962137358	0.008837976766347613
spot_47	0.028777732153647352	0.06511143450029352	0.03403685751793942	0.007258279552235743	0.32165998458044825	0.09817331785153374	0.006044221025256672	0.40049450591853286	0.03148217129320408	0.0024650207409921644	0.004496474865916117
spot_48	0.14091283110294014	0.1842313588257305	0.10463359029192071	0.009798449986225664	0.051618827920018664	0.18236347382489274	0.0008500460247023856	0.005448212525101506	0.3108410284964735	0.0025996536008662924	0.006702527401127979
spot_49	0.03968379083839609	0.19420331520278603	0.07610224089228883	0.20175293283746315	0.13660714854897696	0.29122224878056435	0.0006563945718569973	0.0057123726865914515	0.04882161705922632	0.002252137079165532	0.002985801502684213
spot_50	0.05380702304511858	0.23997418844697038	0.14328150449470894	0.007941855566052198	0.0191248422647955	0.4667334128066058	0.0016537118717157694	0.026135706454767888	0.015617258774987132	0.00392421993538764	0.021806276338890138
spot_51	0.012725049771020382	0.06982482137197422	0.08663179895476626	0.030808748297195016	0.02811023602786651	0.4930812129824619	0.0008853870976830327	0.008738616199793974	0.0246035720059139	0.23540873415562316	0.009181823135701633
spot_52	0.14866175761977216	0.0773585623404171	0.06383183671432748	0.2677103424968776	0.343468103462039	0.05497377479536505	0.0005837413188485767	0.0045527336973698465	0.03286962832861623	0.002229499791704902	0.0037600194346620315
spot_53	0.057021505592713885	0.10662733679747653	0.10086402436210093	0.055357586261411865	0.5161949797510955	0.07672727675773884	0.001569736682783182	0.0588214621613562	0.018912747905981794	0.0030920564352994264	0.004811287292041768
spot_54	0.005673819259258336	0.20312172616732205	0.11092264669906865	0.16152437841560943	0.0724533756909692	0.3779019212003429	0.0009462007891514014	0.005812997395194061	0.040344312905839244	0.014552896935356387	0.006745724541888275
spot_55	0.08041371058279635	0.12005342734476405	0.09856502315213013	0.019845308335247686	0.025965443051988998	0.41419322711768186	0.010039467542435336	0.20542806287834037	0.004212782772834497	0.003190218160180499	0.018093329061600386
spot_56	0.01096829559997749	0.10545983625968929	0.05332099221971536	0.05938645958200356	0.21226907826731617	0.24016729771243717	0.002197447152504947	0.27740795517391514	0.013155502673151529	0.021744673781095934	0.003922461578193372
spot_57	0.013390774403283937	0.18246606380161168	0.08782726558520973	0.0076279376936252835	0.4308971489826204	0.1465995554810044	0.0018569476971599707	0.027391950225288706	0.012390467662600265	0.08355746606633183	0.005994422401263751
spot_58	0.006658689647031632	0.1466243920452411	0.08253467435362945	0.11950725055737037	0.09179389767492036	0.471136288869545	0.0013940271944928423	0.013696564162119625	0.02321026036945263	0.0032822436293758594	0.04016171149682117
spot_59	0.010567097999987509	0.07965959666597722	0.07279717469323714	0.13301268604663158	0.29589762054698776	0.029749034428592287	0.002479113071087414	0.2005766688672653	0.1701620176178374	0.0015155944592129347	0.0035833956031834607
spot_60	0.02673944722292942	0.13462485987182818	0.09587102809199975	0.00844711655444111	0.34454296509476556	0.25574540087017716	0.0011422447562335373	0.00724776911974214	0.11189817543543054	0.006896492503520683	0.006844500478931973
spot_61	0.005763066837925876	0.31978850097148676	0.1102560021101857	0.4549406527957193	0.018009406032463128	0.035745873947786846	0.001106855815894232	0.0052349739495434955	0.04500871772968526	0.002176327264425767	0.0019696225448836884
spot_62	0.013849065073878581	0.10496357233365108	0.04239011840193012	0.3908512607929193	0.00920883713002197	0.026907096197679947	0.0010134979159975167	0.09952266180171317	0.002788014035459542	0.2991506431724818	0.009355233144267002
spot_63	0.014147376801912182	0.07132651399869679	0.03625690202654747	0.007304122107066982	0.39151407009837097	0.22239504736912571	0.003046517843894238	0.2123183485591141	0.030043311430321306	0.0025193573098109645	0.009128432455139212
spot_64	0.010338779599430742	0.19174718098627896	0.05504498840355612	0.004433811225077108	0.2267279671966818	0.06827209775630695	0.003060551599090093	0.43139550208773964	0.0057168141095586085	0.0018253925823880745	0.0014369144538919614
spot_65	0.013709277678465404	0.18412554617402965	0.14779878237488678	0.010568302613655142	0.05693151712183979	0.3728801217868028	0.04025127199920887	0.056923336521837606	0.10420556201650795	0.005642120354885468	0.006964161357880549
spot_66	0.021449300217980805	0.1490580447377704	0.13214855542156984	0.006627967667636928	0.3942413369210096	0.2554583893262624	0.0010970148024114347	0.008287123831645374	0.019789917129338988	0.0028330625133554475	0.00900928743101877
spot_67	0.0081101171872257	0.10491908827321586	0.10454289067716462	0.00690785506534158	0.36440107853506537	0.2711820177954361	0.11314374730850564	0.007292309251415977	0.011110415594570223	0.00576534494210334	0.002625135369955706
spot_68	0.131943924979798	0.10440176739118642	0.06699444726098237	0.011105520392995515	0.09405589576458417	0.45877643150546443	0.0013831554658849628	0.013401230722638102	0.11021530095887368	0.004562904153159163	0.003159421404433102
spot_69	0.013819884529491148	0.1115032290884244	0.05916471521487008	0.008385968058516756	0.032219178744864616	0.3184826436284372	0.01744622147900715	0.42822041164320174	0.0046072151114436785	0.0042334148260664015	0.0019171176756769294
spot_70	0.008107028210047476	0.15265819499404573	0.10888212432013648	0.006841467348343905	0.027798005740821002	0.6101531450314196	0.026733996654596102	0.007640546183623215	0.04289902067371922	0.0035724579433450325	0.0047140128999022925
spot_71	0.01849005912477278	0.2866927780570776	0.08667472734164866	0.004057709960070372	0.030009372955096897	0.24115562085033068	0.0012252668864415283	0.0053457356008991645	0.0035456465578567967	0.3134665458758087	0.009336536789996793
spot_72	0.07909619662803251	0.16564314023142704	0.07671908126066206	0.09355908337510319	0.3095661977270229	0.24449757394215998	0.0011150560877529183	0.0063839363982059315	0.018086493604705843	0.0027714778561879977	0.0025617628887397103
spot_73	0.0847182538094233	0.07781749565317034	0.09509877963008018	0.07150605533904227	0.034006758609561406	0.20005192312652134	0.023695171728213043	0.39863301737684126	0.0026975322526570067	0.0034477902387010364	0.008327222235788764
spot_74	0.009031823250628066	0.2603912020459962	0.1261504343331283	0.008893393605959496	0.03839065629136068	0.5196519867407652	0.0017339746682848846	0.012278509222190028	0.005398198145850723	0.015826074634440655	0.002253747061395591
spot_75	0.010556157369054128	0.1183904153507628	0.04165620494192012	0.4007547419867319	0.014993676370159761	0.06863660800127026	0.0018262259159885796	0.24545665777553186	0.0030561964842927966	0.09122669438653802	0.003446421417749829
spot_76	0.20805191583843477	0.17715223584619483	0.18382171774945352	0.007553831637154725	0.09401281500752749	0.2588499274153452	0.0020670570152939802	0.011093051741206963	0.01198642362308326	0.039468439467006323	0.005942584659298909
spot_77	0.09033757154140871	0.21742671616245324	0.2311547443387513	0.005127488986273047	0.12912323186179214	0.22889256273648653	0.0011498327692171322	0.01573079455177609	0.06869744016207063	0.0027535262826274376	0.009606090607143708
spot_78	0.1724837623579648	0.11901341956943971	0.0562413661444774	0.030929484558606522	0.2795341606971269	0.2579335502747634	0.002575795170133436	0.05535237690843756	0.01826256324458084	0.004372412404818864	0.0033011086696507377
spot_79	0.009790769753326142	0.1293340789024207	0.05950877932077243	0.007630202819229317	0.4419810158062775	0.11099752582483229	0.0022740782269092485	0.1978783008395723	0.012074605707600834	0.003308484870685794	0.02522215792837334
spot_80	0.009213607059199505	0.10001062751212729	0.05415454673018475	0.43345345034165633	0.16368995277865137	0.16192160605695538	0.001720396208782983	0.06607753464491185	0.005399673401741168	0.001739665297616925	0.002618939968172301
spot_81	0.028796785661636348	0.11136896814908165	0.09722349427994283	0.08730839610283928	0.23503897393820636	0.1159969554552511	0.0020510596023285556	0.1708399343085307	0.008608351935546779	0.13665270278982122	0.006114377776815089
spot_82	0.12909265154017016	0.09991316493808863	0.07299317977861035	0.21762712592574956	0.16303773746856923	0.14736207903460344	0.0011324299102614644	0.016798341265323983	0.006188322990769887	0.06197928179858728	0.08387568534926595
spot_83	0.015246362937797991	0.08494247465904778	0.04707979158398945	0.0161386848079025	0.18885968088228838	0.5954766021042655	0.000977312581434282	0.023400535640584585	0.024456814245829083	0.0023006984033698517	0.0011210421534907323
spot_84	0.008501060472682011	0.0473604374981381	0.05511799776966696	0.05698728298212732	0.4898643303213455	0.15553217211956644	0.040264565536837035	0.1289709732986602	0.012351423054273584	0.002610096948791913	0.0024396599979108757
spot_85	0.21449752760600668	0.09665707006577072	0.13557976190721374	0.004309837600532561	0.01321735120474231	0.29481087972442593	0.04042704886397082	0.05431819299785633	0.0026781233279864936	0.1272422677226304	0.016261938978864077
spot_86	0.016035709850070138	0.2700681338521209	0.11590568572621371	0.0051664034282023	0.026814764028059518	0.28110412649281374	0.003512340666374365	0.23611840321491692	0.002369729154278032	0.026242699581409703	0.016662004005540618
spot_87	0.012285560664144563	0.21275657738557835	0.19632040261561495	0.006962246686761392	0.05859537318680068	0.3539893214924759	0.0016725992742875596	0.013625291158563957	0.00522364633204049	0.10067275195935707	0.03789622924437515
spot_88	0.08874991478715426	0.1030398022810164	0.054886597260241005	0.18549041750381506	0.026076334562828818	0.12453050001303063	0.003948714250988395	0.2558389288866085	0.004539232772122439	0.1456332458611163	0.007266311821078151
spot_89	0.004633646267180714	0.17493177455886802	0.18728170969874497	0.025320290198382063	0.31725784588916756	0.23153958794837676	0.0010752139279350918	0.0054611388683133595	0.043973335047979234	0.0021196976263016844	0.006405759968750685
spot_90	0.011794405266245143	0.20441058915741717	0.14343131558627556	0.007594182540241428	0.0707831702678107	0.15387213425369695	0.0007696259034079247	0.005486507111561525	0.2102899670358415	0.1784770014810737	0.013091101396428408
spot_91	0.09273761966641367	0.047127506747373704	0.03600400387236188	0.005778595272784611	0.5540525053564813	0.19245838298868453	0.0007684796040402656	0.010363532799490748	0.01271533654879975	0.0022704927307975998	0.045723544412771974
spot_92	0.008943359567401464	0.18614228518342954	0.1006672596315933	0.013289699145310167	0.04494589228879133	0.45761744871800497	0.0016905167313226099	0.02107637923266055	0.07837000319095698	0.004678814457186181	0.08257834185334292
spot_93	0.009912306544543111	0.07749407890193792	0.04306297398281821	0.00988030487386044	0.16271617110075198	0.16868717674721356	0.0025907278596634014	0.3421929833136932	0.15263921266298844	0.0029157745296978822	0.027908289482831895
spot_94	0.011690100786128954	0.20996783662135732	0.11646923268953888	0.0070064724807176685	0.024001825747819464	0.44351662798946234	0.1632923047790959	0.009514439304963668	0.003598402352009859	0.00809601744837266	0.0028467398005334347
spot_95	0.011325836501007495	0.19768967957015243	0.09563797033728598	0.03339831942850598	0.104967386424229	0.31526140862128427	0.002128156731574807	0.1781389247191996	0.004224847692299152	0.0535910280848857	0.0036364418895755
spot_96	0.008151998845308189	0.16360278744622145	0.16060519049263425	0.14830879657060578	0.3295981468170186	0.05646410086169123	0.10406284340200274	0.007460395234166661	0.009095533122688678	0.005598558795868746	0.007051648411793651
spot_97	0.012829665293430464	0.20753032993260254	0.11159181646716664	0.053209639302223104	0.14772885315718523	0.4015405806139118	0.002091132016171289	0.011730121254145635	0.04354246937496776	0.0044618567603028365	0.0037435358278926994
spot_98	0.05259153969111219	0.2546606117265392	0.15195341063678153	0.004618267964503507	0.4506998533263027	0.041451173164701066	0.0015878434276865626	0.022859331781458766	0.010854405331796959	0.00282780179810268	0.005895761151014946
spot_99	0.06486810687396129	0.18687334500119498	0.07586412598302675	0.052614224201606344	0.40045864090221894	0.14736380850280578	0.002454917253298234	0.05220121024905992	0.01095592060530441	0.0034981002967427195	0.0028476001307804946
spot_100	0.02771810830301975	0.08990676439320763	0.046614054192527676	0.006366612392049598	0.04226135252435265	0.5155281942136843	0.17493475021393784	0.007512349697436944	0.0035432898945585434	0.08152361258502167	0.004090911590203452
spot_101	0.05394033991776088	0.16789742158174786	0.15525639716932452	0.007816270685676462	0.19719118273354438	0.1644012178634833	0.002329550672771846	0.17429553923110458	0.007175186163435562	0.02892902125721509	0.04076787272393581
spot_102	0.008355947279253277	0.15328995001408438	0.09072256274779236	0.05595842422875145	0.47417288407557207	0.18579981676245516	0.001454827718185244	0.008630572156183661	0.013650214268369064	0.0031773453520985706	0.0047874553972547
spot_103	0.008489522136060726	0.1574614252126165	0.06736886063278928	0.2540858728908858	0.10328872712901041	0.28759914755252236	0.0016985760444672175	0.10982164971649211	0.005281144625170089	0.0028693713286024164	0.0020357027313830933
spot_104	0.005964508483933918	0.1354322237137118	0.06569996929197054	0.007163434753297932	0.39199947709210303	0.30826750425875327	0.001199250232383732	0.02363043755393727	0.03723879453011757	0.002687599521258841	0.02071680056853188
spot_105	0.017166140389839636	0.059176637115017854	0.03659003662096021	0.05898345333811886	0.0964605364137715	0.12227967388879421	0.004488294382852271	0.5723934075735995	0.018260709008338136	0.011271945182431414	0.002929166086276376
spot_106	0.00647690438469275	0.14357132142852594	0.07413519112026196	0.023777827683426213	0.48227817107175625	0.16519371030739435	0.0013015087035707267	0.08463720032817808	0.013727953457328052	0.002378115654399384	0.002522095860466269
spot_107	0.021651861248359272	0.18178784599308728	0.14069662973919353	0.23664199639959616	0.144485768433488	0.10907983483645517	0.0040150571508868445	0.1305691813895902	0.005415661760983302	0.0034313015757276694	0.02222486147263247
spot_108	0.005260416566677238	0.16932541059892117	0.05414742896571617	0.17130801998934753	0.4828248018435576	0.05360166465094804	0.0009568168390375415	0.00597066740036946	0.05262278073418301	0.002200222386837894	0.0017817700244045517
spot_109	0.005665159106422053	0.15619854093458205	0.12336899278886618	0.062308334687500605	0.28113948473169287	0.30128449314039135	0.0011807253484590681	0.007030875533410542	0.04747647023812715	0.0024417712650549304	0.011905152225493154
spot_110	0.059434924548448766	0.058226912558128556	0.026300555372791915	0.15830090231828478	0.14500738990974485	0.20567895602912176	0.0023429483909385776	0.2118985541668909	0.006918224700521911	0.1209378951704875	0.004952736834640391
spot_111	0.07464087242502647	0.17975433208498878	0.15696342289789503	0.068201436850872	0.14159581963816706	0.28737856767009307	0.002059096402291361	0.0165703377834319	0.021834691089468804	0.004647372113933585	0.04635405104383198
spot_112	0.010016860943297125	0.17203104274662626	0.12103604440835788	0.055536693807846815	0.04741950178210408	0.21780237837662192	0.0026175744365045505	0.27546712206705287	0.02756749434225896	0.0037263124614253405	0.06677897462790411
spot_113	0.017976499484865297	0.10511506382896468	0.11703072934849304	0.21901296319994235	0.20939194707608916	0.04918241044535625	0.001929232818659473	0.05168621518566011	0.015823056255562074	0.19730209574586882	0.015549786610538631
spot_114	0.012139249222614938	0.08445278067015666	0.09361590839369108	0.21130059709986287	0.12501941205994663	0.2789628296147934	0.0010972547700586826	0.01035452495777882	0.006330329223751968	0.15533183058580624	0.021395283401538453
spot_115	0.010026269834946946	0.16864328057527503	0.08820024929533274	0.007949617498267347	0.4386337217696682	0.11670414092032122	0.010880814490740486	0.008360104422274526	0.08549391466664684	0.05965755333203624	0.005450333194490504
spot_116	0.1502853457024469	0.13881234784813842	0.10160737895944298	0.006640372866331272	0.016828014408107793	0.40402102870120404	0.0020704542255471463	0.14602962515283907	0.002923942207763365	0.0037678450263778887	0.027013644901800977
spot_117	0.008589650905694734	0.18362586300719305	0.0564515220128702	0.1484350004445559	0.01997220663469927	0.24850539603304977	0.002327599139035248	0.3250628274432317	0.0034065748057124016	0.0026202294055660807	0.0010031301683915473
spot_118	0.010605230103705206	0.17278247179941902	0.0600232330508976	0.12746943039327238	0.18525891249011056	0.31182462195285615	0.00213258657301579	0.11806055460059783	0.007229824210635435	0.0029999998366696595	0.0016131349888205224
spot_119	0.006365033934987753	0.11177216851973455	0.056545225608597274	0.0063587614433827135	0.2868784198519516	0.4956110724836226	0.0011348197188825254	0.015228580899890008	0.01539361255252401	0.002247179379045763	0.002465125607381188
spot_120	0.016144517944308587	0.148874504079503	0.08149076882793133	0.010554005422058886	0.03407724076510559	0.45223557126559194	0.024679392789864453	0.07399390971783515	0.006101967557202176	0.11174329548928615	0.04010482614131266
spot_121	0.010557171438917087	0.19591282031604876	0.23195653822644227	0.0071555853817755425	0.02888789467139535	0.5010662245145108	0.002041309986794698	0.010157879672472222	0.004222251081658447	0.0036605472900625657	0.004381777419922255
spot_122	0.007416346372787572	0.07523837171765578	0.057707187769393785	0.007212610406125074	0.18732545034311143	0.4639663880503469	0.12372944137545148	0.009513884733868922	0.057452154495131594	0.006253124238275341	0.004185040497852094
spot_123	0.18739565156939264	0.12844956795613696	0.11981358231242023	0.20330769292184125	0.022917915595394897	0.31498915000007743	0.0015912727314635396	0.009711274200472214	0.003814214261252566	0.00420478478901259	0.0038048936625357027
spot_124	0.09334573436698829	0.2532161685995117	0.12198212966354688	0.006544756176477618	0.34794404661108524	0.14078631212326506	0.009902786328356212	0.008544247134294074	0.009420246758595917	0.0039264178475540805	0.004387154390324829
spot_125	0.015100526118353162	0.10922782001304097	0.10024828951746007	0.009056036460322497	0.1397945506677739	0.30760570931500747	0.003220672381740589	0.1490388565736523	0.11452382173849476	0.0026372130289527293	0.04954650418520141
spot_126	0.01447681024576692	0.07940388526263996	0.05690449833222373	0.006321073979619238	0.10070803423270272	0.17752852228435834	0.0038243010083221286	0.5497819644407554	0.004451780676131227	0.0027764109254111813	0.0038227186120689603
spot_127	0.011371556152419823	0.13033755306148503	0.07177962290700401	0.007123698824526779	0.0334814764413748	0.4306621553160009	0.0026356856536275852	0.3019238095011467	0.003333781520987039	0.0035317379548683416	0.0038189226665590183
spot_128	0.0055106634540013025	0.052898179690749704	0.025935032490450934	0.4333305200566347	0.34065716515756445	0.07797501185867171	0.0010352490926002144	0.0374021338772064	0.01007436057924801	0.002191159229839932	0.012990524513032764
spot_129	0.008506246999631845	0.1683303559327026	0.06162914438485038	0.00790796884661229	0.49933363174972745	0.06660965113827691	0.0015642196736858137	0.026187789466473193	0.1450727988916559	0.012042404266456606	0.0028157886499270315
spot_130	0.05158015808367931	0.13108276853022804	0.0608931441642363	0.01102591803925302	0.28559309488472484	0.20783428691858802	0.001416567683730394	0.008291437180771383	0.23592752016176974	0.0031321245127886835	0.0032229798402301974
spot_131	0.019445161986624146	0.08284712264200127	0.044261887152212576	0.006623789408117454	0.27592285261276867	0.23865928426352664	0.0021379617840631923	0.08516577072135609	0.00913757905408641	0.21577807404620908	0.020020516329034562
spot_132	0.0062860465204298615	0.07316944650356963	0.038059013311889205	0.04801766327300522	0.49320901491220126	0.18338725960411828	0.001270550076243914	0.06880432901554763	0.07678879867230728	0.0025275442328596006	0.008480333877828119
spot_133	0.049779376341379244	0.1936249770436769	0.09120246799206896	0.00930941994183405	0.311445745283799	0.3129044355333971	0.001609619676947612	0.011069657046881627	0.01212728735858424	0.004299183179174807	0.0026278306022565366
spot_134	0.004870421642253419	0.15262046287943187	0.11833615164666907	0.0061806623071111325	0.5027938784618592	0.07881607188931886	0.029207565588745203	0.00559085169357408	0.09342244991051762	0.0029629983306985646	0.005198485649820947
spot_135	0.00987947297823844	0.14872849955191192	0.13360167613796137	0.02949241497677246	0.26647778664791694	0.3234443505725773	0.002005051488264891	0.03715199452000722	0.00888987251814077	0.0035128866936105065	0.03681599391459817
spot_136	0.1077139500994057	0.09602344181220981	0.09322052358500713	0.12325737891640388	0.04332579407919335	0.07053354869633151	0.002196085249532912	0.36565824274154135	0.002202637437510911	0.08975401486774383	0.006114382515119753
spot_137	0.01143558763584337	0.10045496940628491	0.047178745345870264	0.0879053294638731	0.1586251482840422	0.2652475851097717	0.001819494667191473	0.1188406923656296	0.1246119646252946	0.0790980202990208	0.004782462797177958
spot_138	0.00651090594773745	0.08477148062142621	0.06467563130358008	0.005019831124072001	0.5568845586365573	0.14227631971576965	0.0006660721163184699	0.004933686180802559	0.022167312100527782	0.10723894958845077	0.004855252664757713
spot_139	0.003984327858872292	0.08799815281228822	0.13221647286034557	0.005675482128406588	0.3320397908697425	0.3675727515256359	0.0008268672132414421	0.004854806074009572	0.05695494353520098	0.0018600817684008397	0.006016323353856008
spot_140	0.01209714752022403	0.18215990146603858	0.09093097451996987	0.10845713537350067	0.22563814343505056	0.14230561711598944	0.002775692596074121	0.2116898845184742	0.013211029032411397	0.002050117877981154	0.00868435654428594
spot_141	0.09727872547055319	0.16454135756192825	0.1797227483389361	0.007614175326533106	0.10928486693140349	0.40356999340574207	0.0020969172524293793	0.010523633669020505	0.005680334933621226	0.010410611461964574	0.009276635647868067
spot_142	0.29634359450318587	0.16640596743707495	0.07782462631739216	0.22400769570529264	0.01044997666917274	0.20509950660374993	0.0011308619175610553	0.007492655936489305	0.0021608703328972433	0.0036210108156922174	0.0054632337614917625
spot_143	0.0098962039259639	0.15259346973550406	0.07211607922292308	0.01085335858560356	0.17465642293515427	0.32669509926667917	0.0017216219686347768	0.04381281388549676	0.20143311056310578	0.0033833028555696537	0.002838517055365045
spot_144	0.033979115136429684	0.1066232254289589	0.08378174527879616	0.006432381245797091	0.3885953444733901	0.07702575857106642	0.002386200325489133	0.2447230070099715	0.021428810107493944	0.0022748901889993872	0.032749522233607845
spot_145	0.05367911345779368	0.2564730104964288	0.08586657539808763	0.2302297565174788	0.28146249962456954	0.07553876061692365	0.0009152093135697031	0.004671941983165644	0.007219069268899391	0.0020876913156295802	0.001856372007453731
spot_146	0.007520304404796807	0.07753970445554341	0.07469340252473743	0.13447463062602516	0.5034091727615058	0.0929285003710013	0.0016390011293815905	0.04244129987437586	0.0135627508571129	0.004860894077793613	0.04693033891772609
spot_147	0.015581666916037214	0.15559934132300596	0.09683650059474819	0.004552452903958442	0.07665473082691325	0.046544703062490776	0.0026560980610137014	0.4224711177745932	0.003897955398306655	0.16463796820624468	0.010567464932687846
spot_148	0.11540234982153812	0.1382379774631075	0.12245513675861652	0.029469250141866233	0.07078887809256618	0.2657184876966351	0.08347855306398197	0.011539589284078836	0.13489425147331352	0.006143458810117819	0.0218720673941782
spot_149	0.006468616480855794	0.1816111637222652	0.13937226678980286	0.2104224687434069	0.050479390788457965	0.24876474111787292	0.0010794238406389147	0.009576540308941967	0.1271305221351024	0.003260120350905764	0.02183474572174952
spot_150	0.1034367443304429	0.1991890906771361	0.0826984533783022	0.0415370501603126	0.08641625506543907	0.4384415077684808	0.0016621529012082457	0.011754794836915767	0.018735486044747313	0.004646300871216151	0.011482163965798852
spot_151	0.006789405587670746	0.06811113073220718	0.04922132288398587	0.10490845056544557	0.30840108636687186	0.3122034372721631	0.001486547714953763	0.12057802047773258	0.00916704479639744	0.0026943708696601457	0.016439182732911742
spot_152	0.008788902334939766	0.1808761259674125	0.12948412244417803	0.28730494774009685	0.022719444973719145	0.3121557944405018	0.001500276034790569	0.012150432531242298	0.004044135362681052	0.015357344611626347	0.02561847355881156
spot_153	0.006495161423027594	0.1790440466341007	0.0876852972789154	0.005247270528719535	0.3112899639826383	0.16934069436785354	0.0018739185419848437	0.2146482237272975	0.020401313774524154	0.0021781084638779176	0.0017960012770605542
spot_154	0.053809831419592336	0.04971815426177147	0.02473228889856964	0.007620747938810115	0.034902724815594297	0.27971196409207416	0.0024419943759301523	0.4241079708652529	0.11888409740455816	0.002248651384952211	0.0018215745428945402
spot_155	0.034088410678277434	0.12504593620113685	0.05431936650824869	0.12177534804114704	0.36933584206444836	0.1392606483223433	0.003586242374391691	0.12400543904298753	0.009908705476929307	0.002417328430777404	0.01625673285931254
spot_156	0.010765470854803031	0.1067221003282072	0.08049346941559808	0.028003371455730917	0.174857824784286	0.27222442696239907	0.015499909300478924	0.2555764328458063	0.00790373125388957	0.004471881793858778	0.04348138100494224
spot_157	0.007477971276656405	0.2524882459719551	0.23680884916864267	0.004948177667062613	0.3890558195351783	0.03485308928064535	0.0011906967382986518	0.007277990816158271	0.04941805212827823	0.002830577334164633	0.01365053008295972
spot_158	0.007003401551609202	0.05912363732393511	0.02982257411252016	0.10330153664510956	0.4403415578066316	0.11489588298087887	0.014537944189647843	0.20078382469636358	0.025936719704925087	0.0026779503017065383	0.0015749706866724795
spot_159	0.011474598930629574	0.14809808563384766	0.05999990804360799	0.006851558592859277	0.03174723227943278	0.5136054250486531	0.0028000965558553667	0.21628186899609514	0.003577577544981869	0.00321246058972132	0.0023511877843158872
spot_160	0.011646595274959634	0.10621524655632145	0.08510416576688157	0.014054954893095618	0.015645788216852526	0.27403257481076704	0.002428480821620061	0.2642201089909258	0.004112278541877652	0.17087064098633672	0.05166916514036207
spot_161	0.09124862567415443	0.39985115074699185	0.25468833619210424	0.004986099782745918	0.01353069216864589	0.18902424513507385	0.001687660709867537	0.007239185481059586	0.02770672906502128	0.0033460155545999358	0.006691259489735407
spot_162	0.011776515924459849	0.18244902049019146	0.10801455732226606	0.007958748902026578	0.16132462138211132	0.4010971686758488	0.01824357427941451	0.051205574734385646	0.04148616484299062	0.003968044493498332	0.012476008952806771
spot_163	0.005180814509140687	0.1982911858198013	0.09477421209124448	0.021284649419059325	0.039468859186986095	0.5010854699339187	0.0015479832539760487	0.12782696153865308	0.002918922562553673	0.0028405227463775247	0.004780418938288917
spot_164	0.11789595287638734	0.07088376240144272	0.035023265445490843	0.007028173186911362	0.09835556630968242	0.5866804684338888	0.0010667483926808266	0.00732716306112109	0.07060793421761535	0.002985328052018384	0.0021456376227607958
spot_165	0.016157487672333343	0.2149713197014715	0.11812037449768852	0.009049724424336048	0.06029097501913878	0.4040856572102508	0.1350250963839378	0.02530092406555319	0.005508796714795929	0.00829062154023618	0.0031990227702580498
spot_166	0.0134124832902895	0.08977611830373004	0.06976911335264212	0.03095605660902105	0.24837159246962742	0.29224456229721285	0.055207727036501196	0.006777898108944332	0.007875456067066426	0.17632932921772726	0.00927966324723774
spot_167	0.005748520200707378	0.1945973121482875	0.08376815785265346	0.00498134632408494	0.4513712787093039	0.18017351908540888	0.04275598525865038	0.00549588019542536	0.024218933015741257	0.003413109026872145	0.0034759581828648365
spot_168	0.002275345875402494	0.1534524052608968	0.058527405417597315	0.008826503441496636	0.4236136715057775	0.02094034140411802	0.0006059809070290546	0.002836482480530437	0.32514915600415834	0.0010913326697712723	0.0026813750332221435
spot_169	0.00959044073556258	0.10531850373541667	0.06585057072344254	0.0069908050414008195	0.29831469089066115	0.2428378900551189	0.002242163864710498	0.254378141498769	0.0090338346080888	0.003087195897268772	0.0023557629495602095
spot_170	0.12830135320973518	0.0465728604201572	0.017036178674257496	0.008592025529794378	0.357528068476213	0.3741108848258747	0.025257418844807082	0.009250711835245208	0.02758122720686464	0.004191860722279421	0.0015774102547717376
spot_171	0.06867752594326967	0.09511016548596304	0.04371119947248085	0.00757908407125007	0.5422139509093822	0.18364316749647566	0.00126115399767028	0.008778929812105296	0.03232453782487621	0.002979470278331782	0.01372081470819494
