	B	CD4Tconv	CD8Tex	Endothelial	Fibroblasts	Malignant	Mast	Mono/Macro	Myofibroblasts	Plasma	Tprolif
spot_1	0.007135842487138062	0.17186608308146573	0.16548697209430388	0.006576523871004723	0.03268331049217571	0.5782983159897909	0.0013842816269523013	0.010274806635493806	0.015376247743501856	0.003282699647125294	0.007634916331047824
spot_2	0.00982641419553457	0.13001458592049747	0.15387791645416013	0.019199492695577598	0.02774288039055014	0.576758617106759	0.010897832589367593	0.011268526369447343	0.012096974026189495	0.0265915138461801	0.021725246405736476
spot_3	0.006605846666828633	0.13493425852034308	0.1146981116021581	0.006016074492219498	0.01886977654796613	0.4222658878618018	0.0018640185037187198	0.2559041540611249	0.019942712406375355	0.0026082630083448166	0.016290896329118974
spot_4	0.008385464333574026	0.15708439179014339	0.17049428753432344	0.008271080083935048	0.043812616465691276	0.5645921229080223	0.0016228834268237993	0.015136781405476194	0.005237218086923773	0.004188771805941211	0.021174382159145508
spot_5	0.006238524564385074	0.13036335554814818	0.07935069571697391	0.005946376129843217	0.022877965565068308	0.6096520215502697	0.08686972216042463	0.04191766244710823	0.002935259624971042	0.005240819285416678	0.008607597407391213
spot_6	0.006657467128525651	0.15048303589247844	0.13276251996623345	0.020045211795138382	0.023037748671495283	0.6211992447257312	0.0011998603737269301	0.010564698124136726	0.0042621384098773555	0.0033324360711831104	0.02645563884147351
spot_7	0.00789620609113423	0.15708139930528076	0.11680323072466259	0.008450218645983172	0.05855045148090872	0.572270145253773	0.0013050629322808207	0.008349773351793488	0.06124706337562127	0.0031379206692089675	0.0049085281693529775
spot_8	0.006231559399615195	0.13074732141645673	0.11697566731517371	0.010298487966998818	0.030573602195264272	0.6544595451738491	0.01999929050000049	0.0112843709131639	0.004006737168700241	0.003515225015875045	0.011908192934902485
spot_9	0.004384207139910421	0.20491196492499278	0.13875875962115	0.01838039102559377	0.009023227582854704	0.5953513269570793	0.0009021278836689087	0.006701706143562097	0.0016844891458437058	0.0021192476151859064	0.017782551960158502
spot_10	0.009423079123031856	0.1703681049092454	0.15460674939469404	0.00756936521682036	0.0246521034556737	0.5722563584975852	0.014755988290319608	0.011617550809221578	0.008182250669660697	0.0041057514343319	0.02246269819941554
spot_11	0.009350975310194314	0.11205900240421883	0.11689821090411227	0.0062835050518534556	0.017543423013396654	0.2839235638289727	0.002752212485575604	0.4171686739036671	0.009811219095391408	0.0026620185510736775	0.021547195451543932
spot_12	0.0062855481717863475	0.19432931620817817	0.17509118494542814	0.021418072061889882	0.02484406109141388	0.48228794201599323	0.0013275898961631106	0.015576101422282924	0.0257060439143453	0.0034515865556190486	0.04968255371689997
spot_13	0.008253301125675233	0.20598379923750262	0.17547314876050465	0.02417257520638009	0.02802103030606415	0.5068817599181185	0.0014055634139630466	0.011517721365198673	0.013259811878480444	0.0036853221888118893	0.021345966599300988
spot_14	0.007024914587193469	0.1983611617107447	0.1288445040284533	0.006688409683532858	0.02606955909704461	0.3876631775220902	0.0018607357319694467	0.20909520435960566	0.022875684932482782	0.0028470979055386387	0.00866955044134452
spot_15	0.013942200187336497	0.10872539644143467	0.06836877055939437	0.005293701844505465	0.013976551985985824	0.17362942065460177	0.003928360042406837	0.5711938425034877	0.02486535672747448	0.001840247607835337	0.01423615144553702
spot_16	0.01815887716419192	0.2853232318591901	0.17555843384452718	0.00706159945409593	0.018290853629731433	0.4254944602286368	0.001535638791256256	0.012580216659254033	0.011194639764819877	0.0034832158244015835	0.04131883277989499
spot_17	0.006469901230378482	0.15970000680797494	0.09540792378015561	0.015361336338110286	0.04298318532094957	0.6069185872609428	0.0015148828188667766	0.01585454043175823	0.01315784350874329	0.0035561323141552626	0.039075660187964836
spot_18	0.016301254878227516	0.19031813990839258	0.08756142592764189	0.006094388165634958	0.022562079855900512	0.6587965085021904	0.0011732846749839265	0.007574216709749429	0.0035315785147839087	0.0029291655570231443	0.003157957305471576
spot_19	0.0073339529680273435	0.08981322901129937	0.07775629902516804	0.00960170999293966	0.029927126535150738	0.6640256169239779	0.009953907400031669	0.02149483176901979	0.004939973764063684	0.004160348633307172	0.08099300397701452
spot_20	0.0073525562228041645	0.1375203041402434	0.12873199939660768	0.005384959760424281	0.02336544326259507	0.38681240755962737	0.0021017448677596424	0.28005614287781405	0.006777635390252914	0.0026965886538992062	0.019200217867972255
spot_21	0.009021631231896485	0.2054194939899798	0.16852259288317734	0.02155860881488608	0.03174675977919259	0.4710864523605372	0.02669074228819773	0.010779821218154835	0.02913648176595045	0.00408901398004907	0.02194840168797826
spot_22	0.007908010738498044	0.25000444437531466	0.12559450965453728	0.007025509013568971	0.03832417564812878	0.5470569183489327	0.0014512529745419104	0.008449611264479741	0.007818432463223387	0.003395223153735519	0.0029719123650391124
spot_23	0.00931737459345618	0.14507867482494757	0.1030827791694882	0.0046920937116899175	0.010200718133906274	0.19003766568573524	0.14534358936649186	0.3730785395268549	0.0015279117735012343	0.006329552428717856	0.011311100785210798
spot_24	0.007826541026015007	0.1908099329641442	0.16831899977524387	0.03876970095470862	0.022329078033407383	0.4462889125214892	0.0555564446826004	0.012972420427355195	0.017357518148452517	0.005084745900922471	0.034685705565660994
spot_25	0.008012976771897553	0.26099226634574657	0.1515126700011146	0.005890985916714872	0.017487346275222308	0.5371109118370715	0.0014114457898454177	0.007179742240649085	0.0027993874450829787	0.0031032391818788196	0.004499028194776416
spot_26	0.023773452014406466	0.1999031369706297	0.11453751519652705	0.03812669499793073	0.032282806218824865	0.546149244254267	0.0014703309178516273	0.01036030929205713	0.017758457547235425	0.0036738983278034594	0.011964154262466666
spot_27	0.00680455089147386	0.13695481926912587	0.09737328129187435	0.028438379540371695	0.035572956891265106	0.5917481898178534	0.001302005530749544	0.03857652103702336	0.0355383236728135	0.003474516243694601	0.024216455813754655
spot_28	0.006814524326437183	0.24535750318776575	0.26080399223619133	0.0055857825596301765	0.01327094488175823	0.40690527554220784	0.001356427727896978	0.00996718059025441	0.01291122768509724	0.002970965831329887	0.034056175431431114
spot_29	0.008451049560787953	0.10913403630826035	0.11427378605029459	0.0068435598143682455	0.019748624439325943	0.3471280802929563	0.0023850455906963635	0.35379377018097696	0.007820730692617312	0.003114539998413997	0.027306777071302017
spot_30	0.007776737916142947	0.1861950866300723	0.1411064483392444	0.006864035326567131	0.029336402777853956	0.5925112956779993	0.0014711078529964195	0.011285012938380573	0.009554220110634795	0.003397585870300087	0.01050206655980811
spot_31	0.0071123377280826105	0.16313399279873222	0.14855146196528105	0.006065289413220673	0.032910362823733906	0.6155521965894669	0.0012208058697656303	0.007980835183147537	0.003694749775146658	0.002959737358342944	0.01081823049507989
spot_32	0.007970648014402936	0.12868735776839504	0.05651633479522039	0.00663009576654909	0.030101611155439034	0.4536537667221506	0.0022598687732454134	0.28501566643548293	0.0180086357821743	0.0029354860497958733	0.008220528737144486
spot_33	0.009094000159523007	0.22490665948568042	0.20172295775598456	0.00701334970495974	0.026448871467718033	0.49399509585526313	0.001511081874000874	0.009844382808549754	0.009249450699106602	0.003745229015757423	0.012468921173456361
spot_34	0.007599510313800888	0.22737862123973332	0.1321213273592345	0.005987639355802053	0.014307887846608825	0.46919428119303913	0.0017384701720143773	0.11313393147996535	0.0025759902686582864	0.002892704125670588	0.023069636645472645
spot_35	0.006530837256355282	0.22976240097167872	0.10914466401324965	0.005902717968009982	0.018580344212027842	0.6140484850587238	0.0012545810460238835	0.006865995363044572	0.003084824712627304	0.002807301302831243	0.002017848095427674
spot_36	0.005956007451029808	0.27557639714046056	0.18322121359433433	0.005263885753192759	0.010436789407180283	0.48177610413322824	0.0012812479763184836	0.008482111962591427	0.0021056134537995844	0.002865743146855598	0.023034885981008977
spot_37	0.0081828632508279	0.16514834782896068	0.1453194185199139	0.03562487059612646	0.01716867896043675	0.2552289677822671	0.011359020794420272	0.31670380495513845	0.03161431319416746	0.002782160789544155	0.01086755332819683
spot_38	0.004970407962109136	0.2061046713993721	0.1495328823167005	0.0043184779925126765	0.009329249176816082	0.6051219296202986	0.000934077703633352	0.005540895197594909	0.001740439238924396	0.0021957079746832892	0.010211261417354844
spot_39	0.009154343664059568	0.16466950990715767	0.1345138783351413	0.008186421024469578	0.025372781475321952	0.5814174308381599	0.0016523817031152588	0.01359974410592483	0.021321275647037924	0.0037728295850114183	0.03633940371460055
spot_40	0.006338438872581103	0.281760220236139	0.13893476165258584	0.030043259192464117	0.02692633948843909	0.453999193334332	0.0013766179681948103	0.008858957956615652	0.0324390897231776	0.0028045270613915687	0.016518594514079284
spot_41	0.008334373637268725	0.24704714917050763	0.1578734006494726	0.006310757481025495	0.02253106810105557	0.510445660099392	0.013121095288091978	0.007785392003139232	0.01661429733589616	0.003516284830071974	0.0064205214040785425
spot_42	0.009852581478711138	0.20921838143689822	0.22391316384365853	0.0071682755959671845	0.02341766560215784	0.4894657849038369	0.0017228900289707509	0.010864130703344426	0.00395347462211979	0.0039058840413552297	0.016517767742980034
spot_43	0.009750466356971257	0.2831590712376848	0.16336265977034886	0.009329457695088647	0.018336231675693863	0.4103812112062965	0.0019728351767422945	0.019157019134015584	0.0039396747911346125	0.0043503947247177	0.07626097823130575
spot_44	0.008172484301976379	0.21513970494606308	0.16002807043988226	0.00758623145679226	0.02035708465281239	0.5287719664669708	0.0015105047602446868	0.013375161840123074	0.0038150940864221817	0.003822073628848535	0.03742162341986415
spot_45	0.009140978429583913	0.1272854708696551	0.1258821350315223	0.006002479000552784	0.01327224215475575	0.3713302125064021	0.002488088238984065	0.31007507552941166	0.0024135841558336193	0.0026292493594405214	0.02948048472385825
spot_46	0.009314590565184652	0.14388790981168245	0.13557759230808114	0.0381568314741527	0.027409102206453245	0.4519511238078037	0.0020020990932839303	0.1345853010413601	0.021493703391430658	0.003605745607877742	0.0320160006926896
spot_47	0.006954131259111959	0.221914170832217	0.16277949015373788	0.020384293752934584	0.03679709125139636	0.512401801704511	0.0013565225542838536	0.008065953410177275	0.0146954731908778	0.0027706583520043177	0.011880413538747909
spot_48	0.007043113710866527	0.16679692912909636	0.15987331826922768	0.022052354950298877	0.009373633800731737	0.34753685438183196	0.0018774900504661784	0.2521556000268944	0.006195987552459191	0.002481250174949802	0.02461346795317747
spot_49	0.009472485277274916	0.41366401947670606	0.1769827330397621	0.005214066192793852	0.014670492547534646	0.1755062444082708	0.11896554299015498	0.06658252465982734	0.005914287084996205	0.006500658871882351	0.006526945450796766
spot_50	0.0062321312820322276	0.10054853012667765	0.09798839257927519	0.010578152616896451	0.016642713427467492	0.6045681872999845	0.0015290535137908493	0.023142092366633126	0.013422938996369446	0.00370393983627592	0.12164386795459728
spot_51	0.009271517853893017	0.18806137667513817	0.13493208453036368	0.008056116405010506	0.028862137244747326	0.5719436474200248	0.0015271689101018858	0.011229913748363286	0.02194147780019253	0.0038192130814900965	0.02035534633067479
spot_52	0.007838286907113181	0.18268065051345708	0.10431839292885242	0.004628980717345783	0.013449171384490834	0.2427392675009946	0.018669163908708052	0.41622188616965705	0.0017306270435624943	0.002804006247871959	0.00491956667794658
spot_53	0.021222571204141543	0.13185095190550677	0.09784736815641955	0.007186283213630844	0.01899929032714155	0.43603795911362203	0.004438381289469184	0.2474576384580984	0.0027656907859805774	0.0030636161334270467	0.02913024941256239
spot_54	0.007786127056198483	0.20362289847304882	0.12652232719073045	0.0185173169726793	0.01777809095007407	0.5568040709816559	0.012374139279192026	0.012211182208269042	0.0032704273863115494	0.003511217225979909	0.03760220227586056
spot_55	0.00539763684922369	0.09541153597470088	0.0905291661640379	0.00645689085793122	0.028018489872706855	0.7292165115937053	0.0010785609337853191	0.009594416151213467	0.017710349908277873	0.0026751236770626106	0.013911318017354912
spot_56	0.005000797436574046	0.2150381058177069	0.1307987629395686	0.006110930957966978	0.016292626085881643	0.5672423077114311	0.0010483237008393474	0.008903421736858532	0.016453027416472327	0.0025116155094012937	0.03060008068729934
spot_57	0.008841374092977795	0.13994333869824394	0.10498843843758711	0.007879478011086839	0.02992784817336789	0.5404581239555997	0.002028528133212624	0.1441144656014932	0.004145639997638973	0.003756609243496042	0.013916155655295897
spot_58	0.017257830886394265	0.18966002987552658	0.10049609816104794	0.01980128492372708	0.030845490412853158	0.2816612956338855	0.01402011810492194	0.3216181846617289	0.01305039335854615	0.002237148458832532	0.00935212552253602
spot_59	0.0072430219439991485	0.1924684804358768	0.19597365931658273	0.005846909384091839	0.01618756765986407	0.5441857369239578	0.001436862247135367	0.009298072043220109	0.002781481253598601	0.0029391852921023596	0.02163902349957124
spot_60	0.010773100339163004	0.2512477033717727	0.14480537298760043	0.007621556503427423	0.026781260424442708	0.5296308385798439	0.0018095275654562183	0.010089782715121887	0.008272000708465121	0.00397589457284663	0.004992962231859803
spot_61	0.0076970120288398745	0.13215661461924222	0.14188926332201998	0.0074405002750612525	0.028828398987880335	0.6267412444908815	0.0015349157703693685	0.014635473237660004	0.004115183221769746	0.003552933022399329	0.03140846102387647
spot_62	0.0088261400091971	0.15891098891733635	0.08794968472002229	0.006113725804141432	0.014218877959273445	0.26751533784845627	0.0027719580504384648	0.421793794001518	0.002542910045092119	0.0025594635387155918	0.026797119105808866
spot_63	0.011070438953532285	0.1474612727378964	0.07820876385457756	0.011310626265775963	0.046653731544522285	0.44901768486103233	0.002449671699259604	0.10723915560633047	0.07628366105569492	0.0036092821188226853	0.06669571130255542
spot_64	0.006269097192583662	0.25571317270771915	0.1763402534793476	0.005646665537085013	0.019980334403392336	0.516411082113184	0.0012583395627007768	0.007354269489906037	0.002970460104688241	0.00306947008553677	0.004986855323856551
spot_65	0.005560899843044667	0.16323558536208413	0.1370002443061294	0.03012005969010618	0.08222449848788181	0.500963274900599	0.0012494709314472244	0.013410929131501832	0.02275964425374323	0.0031333398769745496	0.0403420532164881
spot_66	0.0059843666476914375	0.25356522222394345	0.0848215026502354	0.015734051372943	0.03008889163958854	0.5785176601703296	0.0014620263449989274	0.011934171079477862	0.0036356655766586745	0.0031118412537820763	0.011144601040351082
spot_67	0.005799786003050826	0.1563810939212208	0.17698370780425476	0.017124223214430495	0.01567654422798071	0.5711229055235715	0.001052263833295282	0.0074931471988737295	0.028835408285475296	0.002569061543875805	0.01696185844397083
spot_68	0.00809457628371998	0.18549703966995298	0.19378887398087782	0.007754473073961848	0.03101262906496748	0.511868065234563	0.001459629454578787	0.009960900310123833	0.03282196902906282	0.003536856972237269	0.014204986925954193
spot_69	0.012215495103576723	0.18462057149154976	0.12073514657362071	0.006421756283117052	0.01624090786356269	0.499303341697241	0.0024114615455408813	0.10397420890899033	0.02586766889695507	0.0027966733159155714	0.025412768319930192
spot_70	0.008084455468278828	0.11231585296510173	0.17806021078351653	0.010790882648047244	0.014296699967641739	0.3116613442102634	0.002186643682916513	0.302719056880315	0.003142832877276997	0.0029240434758604815	0.053817977040781645
spot_71	0.009929686104482268	0.2282148358431678	0.1240865490194474	0.0080353536866632	0.025177221020837887	0.5363735011940248	0.0017452533057481447	0.011779017866255915	0.02624471957468104	0.0037425578063755424	0.02467130457831587
spot_72	0.007633885493654111	0.14544589052753695	0.11128507764418985	0.006829592660729774	0.020922568941116628	0.6704644794738451	0.001335544841501997	0.009813350475352157	0.003625439478526993	0.003173997837486305	0.019470172626060076
spot_73	0.009954112845985758	0.14884807172852585	0.16312995040741554	0.005277283971986188	0.020034397264327805	0.2642216832951995	0.0026649932114345995	0.36191082532215124	0.012136875243766512	0.0026767543329570486	0.009145052376250105
spot_74	0.006126200488395148	0.16148471519117094	0.1085799795807825	0.006089137975111974	0.017525615391408917	0.6498484901234597	0.0012100976675927981	0.010942070490770952	0.002970835504928224	0.002824665060245634	0.03239819252613327
spot_75	0.005480215990109921	0.15412722417910754	0.10278840330620208	0.006518863183049011	0.030339801087887815	0.6374375407502131	0.00959683303601356	0.010790467695774176	0.024823061808817676	0.0031296858816667883	0.014967903081158248
spot_76	0.006246977290396466	0.17088094881203278	0.15873002350301613	0.004672802705401674	0.01327060913944383	0.4061403421352709	0.03487766690134554	0.17983701144474237	0.013393430716605956	0.003345823008780869	0.008604364342963407
spot_77	0.0065779083856520384	0.1820032820629289	0.1692616795616877	0.005239687855362827	0.01618965743230243	0.5701548421350198	0.0011272388300108407	0.006738651153610501	0.03070348319548752	0.0026430228822387834	0.009360546505698654
spot_78	0.009811100335088759	0.2038520403679347	0.14762637297745204	0.017146298097116472	0.018260686417578765	0.28714244571081604	0.0025154341572868693	0.2597353032265185	0.0218778048037018	0.0028044820368737897	0.029228031869632295
spot_79	0.0071149893518046145	0.25797767680257777	0.17711100483715325	0.006119428672823278	0.015259609346115966	0.47824280497784727	0.0013280505433907706	0.009992387750895717	0.011880675114806989	0.0031843368365194052	0.031789035766065024
spot_80	0.017173344959611418	0.1301205040530474	0.09816910601397327	0.022141808082993084	0.02335301595503656	0.5154651431336009	0.003385532955166485	0.12278095564823484	0.00449478467155754	0.004053550296212665	0.05886225423056577
spot_81	0.006215004286366318	0.1524011511526874	0.1339880058130285	0.007360085756806575	0.039830995127338904	0.6008298418611894	0.0011651402390476428	0.010050180959939894	0.03658740882537387	0.003181130286239614	0.008391055691981918
spot_82	0.00534910666039143	0.14634482017478614	0.10632484121510269	0.021315370191136558	0.06886069739025967	0.5117353160492747	0.0012636153998481722	0.08399385820226776	0.03523657765767648	0.0028672083360748303	0.016708588723181525
spot_83	0.00780423101667255	0.17293505948749469	0.16180727353324414	0.006379958680125238	0.026630035333965085	0.5896995181334523	0.00955214726084223	0.00997937396245474	0.0038612939112809843	0.003529262082368235	0.007821846598099898
spot_84	0.007583358261786413	0.18828388895132314	0.16725128129064248	0.018879981644634725	0.024689489765984615	0.5371385502797231	0.0013173051114799236	0.0096412217017291	0.02651792181159622	0.0031714520995424563	0.01552554908155774
spot_85	0.010712695033750176	0.18259745995249557	0.17235903465248348	0.0067853444077655535	0.025578862884877956	0.4186634401092717	0.012893004407000556	0.13258614732952856	0.003173585525119417	0.004021757675385882	0.030628668022321115
spot_86	0.004812706901573695	0.13703461584478766	0.10872935534936898	0.007423195504810701	0.029394901976116702	0.6495815662755465	0.0011535499972773573	0.013510313685496721	0.01927585558724671	0.0031918880300551206	0.025892050847719814
spot_87	0.008682273829398532	0.28782939731463403	0.17366638461392414	0.00527288343902322	0.014765587779262042	0.3602607853314542	0.12598763632592846	0.00734467401197961	0.002447432103118539	0.00658263728834601	0.007160307962931347
spot_88	0.006173857641086471	0.20994312431146422	0.16279625021034633	0.005008212725258947	0.014882426006367279	0.5515111847569638	0.026137227385700824	0.006410599811329201	0.007664847901189976	0.0033239041785126646	0.0061483650717802695
spot_89	0.005081169176249595	0.11873056875743615	0.19365790104532432	0.005614465832591718	0.017350794455212235	0.6164159738157253	0.0011214745888539972	0.00851889420793486	0.014217047515700661	0.0025009397384332796	0.016790770866537786
spot_90	0.007213951751027951	0.1728668033604698	0.1296760802750616	0.04938017042242634	0.019378898979379746	0.5328247506451165	0.029123061737520606	0.010326563297778193	0.02356809122892718	0.0038151757597518743	0.02182645254254014
spot_91	0.004753080168052511	0.12835554562408258	0.09490520287228993	0.00605688088457817	0.035221021582796656	0.6938247104997433	0.00945741485827992	0.011344068476639513	0.0042420581236977525	0.003073829017606348	0.008766187892233292
spot_92	0.006012622075844942	0.1426641021496788	0.11240865366145829	0.024573085613234912	0.04146195941813906	0.6292140734468599	0.001311626128666402	0.011107224356759019	0.02499821986802127	0.0032281122383593093	0.003020321042978156
spot_93	0.02400971968919822	0.1570997304680564	0.10214525092503712	0.0190712598827491	0.04414609592765534	0.5806954760232962	0.0011251971870685964	0.054813163337412554	0.002937267152481221	0.002376603051109235	0.011580236355936056
spot_94	0.006474458575278961	0.14232709699426685	0.12302692890735677	0.0050383008423997636	0.014644581611431513	0.5416657243134805	0.1354992301128349	0.006798074642172563	0.008000827198762392	0.006078795523600408	0.010445981278415475
spot_95	0.007829303237053126	0.21767581525372195	0.13669890425851888	0.006485758890090888	0.022068671310726495	0.46925078430276695	0.0016283113014189396	0.10248465721760987	0.01464678572280961	0.003112478585703227	0.018118529919580004
spot_96	0.010250229508240402	0.20747817627880233	0.12038678185305468	0.007765790055345243	0.04178500418936789	0.4628456726166987	0.0021513028043948484	0.09758049464828084	0.004181938537276488	0.0033532285966196796	0.04222138091191881
spot_97	0.006467223487432361	0.23409894466555892	0.13608578921226092	0.006321980062542651	0.021626688444919977	0.5317787555485151	0.021919201657248855	0.007665440402578781	0.025096914459926664	0.0035068025153784906	0.005432259543637357
spot_98	0.007411049994870551	0.2338544266880987	0.15291224293589017	0.005549706140502185	0.015930930713026304	0.5536436486259008	0.0013469606679555712	0.008656236822687116	0.0026147036760174845	0.002984197857559383	0.015095895877491678
spot_99	0.038409659514701766	0.15222347253445265	0.1922751214551754	0.007202015606556131	0.022036972460266837	0.36902599380730644	0.004406265202629003	0.18146898082945503	0.003423028638480301	0.0038365863376505073	0.02569190361332593
spot_100	0.005933113561092902	0.11674548862850107	0.10501136588037685	0.00694389455874478	0.03469361278599789	0.6809892976239396	0.0012326076240131425	0.011415163272130286	0.024695493024504415	0.0031356781801733574	0.00920428486052574
spot_101	0.009068460215158823	0.16071043890816566	0.12543814906062292	0.02856006215522137	0.026718544085574267	0.5866710196458629	0.023119334677943467	0.010198660263151487	0.014125903632865621	0.004015505728812562	0.011373921626620946
spot_102	0.016546369165951418	0.08302123968131461	0.05458159694536167	0.007891748133737518	0.009226057304917042	0.1429424075531717	0.004616978616693051	0.5960347550510365	0.002327080487582805	0.002719176178515107	0.08009259088171845
spot_103	0.007882439555938335	0.17483434184348007	0.16666395029437722	0.026782443811400956	0.02014636271338106	0.5655168869953556	0.0012709673618613725	0.010580549826757601	0.0036902804684483988	0.003606175521746066	0.01902560160725323
spot_104	0.007150118390024674	0.2175066978720256	0.12431985860273963	0.006347710892263222	0.016363837119588533	0.589029208622062	0.0012892034507030112	0.009555206078552637	0.0030021563733356018	0.0030321895026479005	0.0224038130960573
spot_105	0.007209113169104544	0.16414218517708262	0.0985862990763624	0.018938526516243906	0.03191405820316884	0.3745942145716758	0.0020391124520810783	0.29372367374692165	0.002465624830250974	0.0020737062290157597	0.004313486028092315
spot_106	0.008289142805413133	0.2894719245685773	0.21381051812140828	0.005963230237611455	0.018146004807732794	0.4078093736696331	0.0014805461376714406	0.018540906358641092	0.010588809115693267	0.0034163140034203002	0.022483230174197934
spot_107	0.007938718718512617	0.1520490071242677	0.1380763275110289	0.009447074637461101	0.025841476589801904	0.46563757345325224	0.07313881598049242	0.021762043954881242	0.013024896524756975	0.0060585731025900045	0.08702549240295489
spot_108	0.01838600257337429	0.21020726160874462	0.1463001383979654	0.020354802131422874	0.028361976846058106	0.4402014397303535	0.001392632155356411	0.07191309152564301	0.03381134044484807	0.0033251486755557814	0.025746165910678024
spot_109	0.008996678204751795	0.28440383380002787	0.18750728592428026	0.006841086573532739	0.019531897775598692	0.38347361889784787	0.011089315434680362	0.06546135523807961	0.00331465417955165	0.003906568324737768	0.025473705646911506
spot_110	0.008897086671062525	0.19311303677023542	0.18453541921705452	0.006746078533174943	0.022225927984715406	0.5326852035638528	0.017934123300503972	0.009913926567590077	0.0038255291243193177	0.003966950353034836	0.016156717914455863
spot_111	0.008180164320120285	0.34797337023409647	0.23705091364164627	0.015125970883919062	0.02064803825368952	0.3455401189018554	0.0015098327317385537	0.00829955590601648	0.0036767150534902705	0.003324237440872734	0.008671082632554738
spot_112	0.008161568525539023	0.1861707366195921	0.12708030576050325	0.006404143413145279	0.016892040219526113	0.5390511514085979	0.015401874686386029	0.07657868759351172	0.002885043021160287	0.003535533707701274	0.017838915044336916
spot_113	0.020588627317959504	0.2188574736321856	0.1774765127900039	0.00613195796037426	0.01790423130500964	0.3506737786428077	0.004074418792025615	0.18849418154759093	0.0029685530627946597	0.0030638366715158576	0.009766428277732282
spot_114	0.006384298697213578	0.2820112931617274	0.1300018719025587	0.008497734673203793	0.042615959134261396	0.4003977869145255	0.0013385050645431118	0.0270893689441002	0.08470839897870217	0.0030682734284175634	0.01388650910074663
spot_115	0.006958374512265829	0.2045715020733135	0.15215992500758135	0.045678572266481685	0.01605926731318837	0.3313429580790642	0.013145777891796722	0.18467414033258064	0.029794872872701824	0.0028032114108442635	0.012811398240181534
spot_116	0.00948688613983633	0.12639562948742744	0.11386049820348625	0.004568116240543148	0.012083683797710023	0.33394866522863437	0.002574021270399508	0.38413281301856766	0.0020019532226432124	0.002252160875894764	0.00869557251485738
spot_117	0.007657739815262243	0.2052326963159184	0.1949197981778195	0.005725456151843167	0.021071610187570755	0.5436611070722865	0.0014576463884586153	0.008104982438696564	0.0032517787734991587	0.003004557641708709	0.005912627036936294
spot_118	0.006805073040430899	0.1362965542419685	0.16279984765981287	0.014572648034339867	0.012172444924811536	0.5171935638468318	0.013242227157215014	0.120603648966498	0.0021258825886161818	0.0026762044314033923	0.011511905108071888
spot_119	0.012316071710961142	0.10074212678591761	0.08713649453585412	0.0049912766215132525	0.01602907471000926	0.21248969306290574	0.015407668678404788	0.5172424798951912	0.020102130794116213	0.0023127701499511565	0.011230213055175567
spot_120	0.00809821424102928	0.186628610074167	0.10445318727541027	0.007391634486731941	0.023715125754224676	0.635927064505263	0.0014583482495271218	0.00979232119720847	0.004032472812788219	0.0033429457402935894	0.015160075663356507
spot_121	0.008662495980376791	0.22857916157104133	0.11280781378704004	0.026933447595990374	0.020815737334016683	0.3534675302143211	0.0021172667069408904	0.23667547202868586	0.0035093490008931034	0.0029782195345646836	0.003453506246128941
spot_122	0.007932794511959574	0.17874335093503443	0.1966061686060942	0.004499381860190759	0.010615621705867119	0.42189445164767025	0.0017334215480494467	0.14299577394915394	0.01471230408936881	0.0024648230852122206	0.017801908061399255
spot_123	0.008614543886631432	0.1154925278986626	0.11459970191479603	0.0053452403347272115	0.015581681560892131	0.41457793212219374	0.08799209742868716	0.21856828413677407	0.002534105188032026	0.005093914448926612	0.01159997107967697
spot_124	0.005949357066916176	0.11812111535131525	0.15445541079119077	0.019710485939264968	0.024672409136879094	0.5788437151892273	0.013038331281944822	0.012905320120435444	0.02047106196466786	0.003387042964446945	0.0484457501937114
spot_125	0.007197995883631321	0.18338054107195875	0.09424896242888972	0.016792419294369455	0.02508642512102676	0.6328218328753505	0.0012452400747938446	0.00868702715647962	0.018563054506627357	0.0032336458336167124	0.008742855753256028
spot_126	0.019455320687904096	0.11684138739845415	0.05536687845718022	0.020916635229848858	0.014199543635148708	0.37355144613291075	0.0043813132727677905	0.378587957610745	0.010975574264375478	0.001948982945743465	0.003774960364921568
spot_127	0.006047866036728833	0.15056966472848488	0.10258599314312254	0.01480584517123508	0.016281834478803412	0.5873811255990509	0.025566819353972276	0.01561138697615312	0.00375753855396666	0.003656405134724616	0.07373552082375771
spot_128	0.007223979239714034	0.2192317957603529	0.15858988497253595	0.005685037624594509	0.01557892598928841	0.5630454397825903	0.0013147658266255782	0.008264738050802307	0.002707822107877601	0.0030521076724170696	0.015305502973201388
spot_129	0.005521360368645604	0.20280019705897104	0.15867255317242743	0.0051216314577289075	0.013766193404673353	0.5403163544299837	0.0011556642364064982	0.03273683038185143	0.023694346481801652	0.0024877959182632763	0.013727073089247322
spot_130	0.006223422430903265	0.24533916979107	0.13289661717657492	0.019098101040237944	0.014347961684511553	0.5432560983729483	0.0012107261885370118	0.007865958944799745	0.007817746124002396	0.002744063983328376	0.01920013426308652
spot_131	0.005557520364990798	0.09693493101732549	0.0890162261261764	0.028505091586831215	0.009514971547086316	0.4173902472393076	0.011251140695550185	0.3287624138064638	0.0014308791627875878	0.0018767007554006728	0.009759877698079992
spot_132	0.007895146697110809	0.12050753675434428	0.13832039977259256	0.005869810684887514	0.03567991262506106	0.5246140443214385	0.0017582746887323307	0.1411413822777612	0.0036986289711888787	0.002644659596523253	0.017870203610359636
spot_133	0.004550108677828186	0.08490061423402176	0.09412002147552556	0.004979349772515521	0.011521376697636952	0.6589307961946486	0.0011155415602572176	0.11610906548411498	0.0022694262799973467	0.0020113562102844597	0.01949234341316943
spot_134	0.0043366753075197535	0.13973871623461737	0.12002300203482127	0.005801073411330839	0.023437328557000862	0.6080203450887427	0.0014046592962252494	0.07934416873057146	0.0028888783845661646	0.002552339418953762	0.012452813535650569
spot_135	0.019580589951572695	0.16305140879146646	0.09358544834718809	0.007240054521452539	0.024107092775358652	0.6499705670187073	0.012529264395332198	0.01015890902752267	0.003821953311007368	0.0036587901311612887	0.012295921729230795
spot_136	0.006844976140140783	0.22923895991172888	0.11506767015993571	0.005340740958645058	0.013830959189433497	0.552071898127805	0.0014285830947452342	0.0626001825932609	0.0023330979440687022	0.0025826800090388013	0.00866025187119735
spot_137	0.005355412906376659	0.17220570423240386	0.13199607694437732	0.03960747461465736	0.019171907238111054	0.5672475657553704	0.0011149360958591342	0.011473348500863189	0.019806628919288062	0.0030698733400686545	0.028951071452624266
spot_138	0.008752897566518557	0.1877208203837706	0.12074131026151129	0.01842352145443713	0.021793880287401153	0.404129276714607	0.002028469561193305	0.20934857081657451	0.011010344156937987	0.003141599229382773	0.012909309567665719
spot_139	0.006856070290866923	0.14979174812664417	0.11349960693031234	0.004511264311588972	0.009519284027848414	0.4259249713756225	0.24465416009555602	0.006858868453082247	0.013168278009281876	0.008991353967120193	0.016224394412076137
spot_140	0.009214014233383477	0.17398163669586297	0.17033973400690572	0.004536203226799483	0.008949465188225167	0.16705327079269974	0.002670784925069598	0.4351175966113637	0.001734040619620191	0.0026083349874156414	0.02379491871265434
spot_141	0.006769577531927284	0.17713597295739178	0.12775856676596975	0.01659523296615808	0.0113836727594545	0.44594817898732697	0.0018539607253252979	0.19935512302112215	0.0018403919301989168	0.0019668646225081267	0.009392457732617267
spot_142	0.0088091918887643	0.31365959010515854	0.16633578446335098	0.023032960104460386	0.03937893370752557	0.37192343576090015	0.0015607976001770654	0.008181752970427503	0.05905473888254794	0.0034989496869980386	0.004563864829689432
spot_143	0.0063960809166978706	0.12265678703897244	0.13010486358525483	0.04898106140715154	0.018575990978672432	0.508619716135681	0.001492443806125813	0.02021059866653756	0.039240733502588325	0.003455675808473837	0.10026604815384442
spot_144	0.006977900762591981	0.12585393868002523	0.1502827737122397	0.004890884542721274	0.013317926394240917	0.3048583982464974	0.0021146265696965496	0.3439757995325591	0.018776278590956243	0.0021647667830276825	0.026786706185443893
spot_145	0.009501176049238036	0.23565507101387437	0.1909092142480517	0.007977594481832218	0.030781703562624482	0.4649197493837394	0.0016509670593345166	0.010783047230474782	0.025074402944368048	0.003839380837969408	0.018907693188492992
spot_146	0.005446503232611759	0.16159363645080985	0.20342430537509779	0.006970813954093588	0.03383455880918835	0.51431890929207	0.0010517914739623761	0.007935616362886868	0.04790809908533774	0.002710881182664848	0.014804884781276942
spot_147	0.0065223085173857194	0.13147020400330162	0.17835884364253368	0.03183835907566747	0.017377666852831066	0.5526305552677061	0.009707363878853487	0.028238511764424254	0.018982671030362563	0.0031637494753750947	0.02170976649155881
spot_148	0.005905063543843238	0.1893484649511822	0.18068144463667424	0.005313079768836016	0.021388527431604992	0.565266996262196	0.0010992947003957512	0.00935201712421641	0.0033268828687181423	0.0029676996959376984	0.015350529016395368
spot_149	0.006654095766245519	0.10848601669171852	0.07870658073067044	0.007698600382610999	0.03314928478478181	0.6590018916060472	0.0016176526228500777	0.06789047045658705	0.004291795426685267	0.0034779090538989837	0.029025702477904293
spot_150	0.005791313499593999	0.2425505471108399	0.16160034828629968	0.005933720107992325	0.017332497645361156	0.5410521639466506	0.0010474293942881851	0.007270484015587559	0.003198851462280441	0.0030198083436549427	0.011202836187451378
spot_151	0.014060876195970524	0.24637429942355443	0.11046568633038256	0.00496382996127682	0.0316898280498298	0.5593085209412387	0.000982725793057956	0.005809398515998965	0.010999755814283012	0.002199571180699926	0.013145507793707073
spot_152	0.00834043497984839	0.10033667925182606	0.11537871118951212	0.004667429018908718	0.01204110637252921	0.3496530283425361	0.0023870327964198275	0.3925043667408858	0.0019263902607040135	0.0022011075163779286	0.0105637135304518
spot_153	0.007949980280297694	0.15250151155952482	0.15990462578174458	0.006109650189012467	0.025593048235404346	0.3731987089777953	0.0020718437995266817	0.22767447585466213	0.018301364844073176	0.0028946114201669542	0.02380017905779191
spot_154	0.004922930128802436	0.1614753263001889	0.08976392427445261	0.04415352054159011	0.03184187330930571	0.5448545994922469	0.0012020563295241993	0.051170538057751166	0.0200318178108119	0.002713382598029655	0.047870031157296336
spot_155	0.009082309870313499	0.2014965476493581	0.16270968729295568	0.006190263203388521	0.016943853029400116	0.42304357630322453	0.0021124564715628664	0.15733383293982803	0.0028082813286374082	0.003027549255902564	0.015251642655428712
spot_156	0.021031981601988006	0.1471525122269267	0.08389420554860892	0.007610463475595462	0.03125151723995904	0.46431834666411714	0.021452978285819792	0.19389592363770816	0.01979710814926062	0.003848827902350422	0.005746135267665861
spot_157	0.009336639636898278	0.18477680163527474	0.11307586195012895	0.008430825487471327	0.031339517892456	0.6144836572087757	0.0014993147535780325	0.010769044496584139	0.01001680972703946	0.0038756496783427896	0.012395877533450632
spot_158	0.007944886900622046	0.17738701000579649	0.12968019655478893	0.016987670552903587	0.03009254495472291	0.5028367938625184	0.09304532069699646	0.013147350520619114	0.004024744860696994	0.006065360069100171	0.01878812102123474
spot_159	0.008006970323396362	0.2143014170904721	0.11075198857008701	0.005560854767395466	0.016082940287807802	0.2227275719344968	0.002653222233718083	0.3815988751294201	0.008999717084714962	0.0025273066766030427	0.026789135901888295
spot_160	0.0052724687135115135	0.11087077536935377	0.13542547144415598	0.007968596251574245	0.03296511649417124	0.5734673597369413	0.011976139706309553	0.03906703384192184	0.0496724266076779	0.003382328153173385	0.02993228368120932
spot_161	0.006043276556150632	0.2364269971930918	0.1654386429335116	0.007186705700466189	0.02378453412961805	0.4644925080394419	0.0012208185130348124	0.0249434958558654	0.03341974980154141	0.003324658855308199	0.0337186124219699
spot_162	0.01771588223368675	0.18563455375491458	0.09250896108661714	0.006031121797623105	0.023490792645435642	0.6027266231481239	0.0014893702167368137	0.060705175626939986	0.0031675768973490064	0.003027675573101553	0.0035022670194716204
spot_163	0.01039882081217862	0.23962640066400018	0.2657702793221927	0.006615094550497639	0.021595382636220215	0.4121564644681762	0.0017167224033308834	0.011347138793204002	0.0038201766253935445	0.0040939615018362255	0.022859558222969787
spot_164	0.008799802696344236	0.18151871671307707	0.08348037159975473	0.009224393900547396	0.02880384712706754	0.6119242422765986	0.0017364244269645142	0.016214277335332768	0.008098683064348694	0.004000807195717381	0.0461984336642471
spot_165	0.008150889667439392	0.13679332086603224	0.1761177419145564	0.005855247444411533	0.02100328323959283	0.5569369704298922	0.010213333540731862	0.04478772369573889	0.020332442768189407	0.003091413010046933	0.01671763342336833
spot_166	0.006536212817450567	0.13096084876877143	0.19161392638545452	0.006291799767568162	0.014695844283489572	0.588856844986854	0.0013124590735565725	0.011587160499564209	0.003079169009599594	0.0029094443419675074	0.0421562900657239
spot_167	0.023150790401628107	0.17097795132144605	0.08561973168077312	0.01792148101584073	0.013927112105820613	0.3449415175093147	0.004843948144799858	0.24471103292307594	0.029675419635981616	0.0030733287948037083	0.0611576864665155
spot_168	0.008248282800425636	0.14054145914149874	0.12615082680444956	0.008865402127610403	0.014511232044873751	0.3931957572845136	0.002178415747663858	0.20640850653244644	0.00355933919760601	0.0036630569365378226	0.09267772138237425
spot_169	0.016215029726077367	0.13843444386291223	0.15777232538237243	0.006139058556242086	0.0161782834978245	0.3836729410680354	0.00354862209304909	0.2370428101449934	0.00253975358364248	0.0029822694358740518	0.035474462648976926
spot_170	0.006857494506786492	0.1360273229858895	0.12863984778575221	0.023127515209050716	0.018002342924723882	0.5479254047907601	0.0015028878583592867	0.020601430677802818	0.012076761577628879	0.003648381780152757	0.10159060990309345
