B	CD4Tconv	CD8Tex	Endothelial	Fibroblasts	Malignant	Mast	Mono.Macro	Myofibroblasts	Plasma	Tprolif
spot_1	3.87729076008797e-05	0.0748702548920866	3.87729075979816e-05	3.87729075984989e-05	0.637893264193199	0.286869054185874	3.87729075971882e-05	3.87729098608671e-05	9.6016373495428e-05	3.87729074908714e-05	3.87729075984992e-05
spot_2	9.93176789959291e-05	0.0446905399294231	9.93176790210604e-05	0.00941422645308206	0.609968931387803	0.317087806952732	9.93176790118767e-05	9.93176790010101e-05	0.0182425892026795	9.93176792501446e-05	9.93176790010102e-05
spot_3	0.0583668651585707	0.068902764918346	0.0276997369299395	0.000293238755075736	0.117739149437801	0.715432601832686	8.85826707345958e-05	0.0112113122846489	8.8582670739097e-05	8.85826707190852e-05	8.85826707390953e-05
spot_4	3.25906181628934e-05	3.25906181557685e-05	3.25906199118355e-05	0.0863678936084406	3.25906858571504e-05	0.890698845476383	3.25906238252966e-05	3.25905732237476e-05	3.25905997366194e-05	3.25907102453037e-05	0.0226725358660573
spot_5	9.35310712253645e-05	0.303408391105182	9.35310712253585e-05	9.35310712253765e-05	0.56396037967033	9.35310712119272e-05	9.35310712032649e-05	0.126254735688325	9.35310712253172e-05	0.00572177603762218	9.35310712253718e-05
spot_6	5.06477567458368e-05	5.06477608856999e-05	5.0647761066966e-05	5.06477608120967e-05	0.855017958570491	0.144526211586031	5.06477608945575e-05	5.06477608865078e-05	5.06477608859402e-05	5.06477604142195e-05	5.0647760885943e-05
spot_7	6.20894580337824e-05	0.176644759884018	0.0283370226739508	0.150682156838862	6.20894581259548e-05	0.643901434394453	6.20894606890409e-05	6.20894580234592e-05	6.2089458033797e-05	6.20894577762579e-05	6.20894580337926e-05
spot_8	8.32090360491353e-05	0.000159453188358552	0.651456314326518	0.187056362175364	8.32090362476857e-05	0.160745407056182	8.32090370942707e-05	8.32090360657324e-05	8.32090360491362e-05	8.32090360215802e-05	8.32090360491344e-05
spot_9	9.05789565544098e-05	0.0777516397175348	9.05789565560997e-05	0.339198506278354	9.05789565901417e-05	0.582325222352011	9.05789561352277e-05	9.05789565579278e-05	9.0578956555449e-05	9.05789565963706e-05	9.05789565554418e-05
spot_10	0.0250416228703955	0.000249133158846496	0.215378640387427	0.00182428473263931	0.000935528766063191	0.461483829229485	0.000249133158773227	0.0379590550200479	0.000249133157646834	0.256380506359832	0.000249133158843493
spot_11	0.000191015210742134	0.344784711779056	0.000191015210742121	0.00157306444449718	0.0278767082963997	0.43788338001112	0.000191015210776372	0.000191015210720662	0.000191015210735084	0.0643689733372939	0.122558086077916
spot_12	0.0212028559036232	0.000135941562746509	0.502174259564937	0.0283468840982452	0.000124606165740482	0.18103928274978	0.00012460616667562	0.005259350593187	0.00012460616582663	0.00880052163908489	0.252667085390154
spot_13	6.42744055756019e-05	0.234619320664196	6.42744055724737e-05	6.42744055596135e-05	6.42743960140866e-05	0.7640599635642	0.000806520538024931	6.42744055771112e-05	6.42744055991968e-05	6.42744041055853e-05	6.4274405575607e-05
spot_14	9.33770432315791e-05	0.0416802392992237	0.0243092627985802	0.103611649976122	0.301189642092917	9.33770432211719e-05	9.3377042391665e-05	0.493612753144244	0.0351295674735528	9.337704328469e-05	9.3377043231573e-05
spot_15	6.28954044967751e-05	0.373821612874259	6.28954044989236e-05	6.28954044894152e-05	6.28954043781597e-05	0.625612328487019	6.28954042134154e-05	6.28954045367351e-05	6.28954043839844e-05	6.2895403225857e-05	6.28954044989564e-05
spot_16	0.0291878206729512	0.1169342420537	0.23839209043928	0.000152690548991175	0.0502455320733617	0.47288529322626	0.000152690548975357	0.00470861121106777	0.000152690549008155	0.0821997754101382	0.00498856326626651
spot_17	0.232010099191807	0.276556462266736	0.000132713446423926	0.000132713446427838	0.463889990769924	0.0184191975336537	0.000132713444351391	0.00832796956138952	0.000132713446423926	0.000132713446439981	0.000132713446422237
spot_18	0.00597331915307531	0.0440995243153526	0.000194403283214166	0.141053699854587	0.164424398412368	0.431704443507288	0.211772598341066	0.000194403283223821	0.000194403283223821	0.000194403283376965	0.000194403283223819
spot_19	0.0160745968820769	0.423767413425351	0.187923576001308	0.361193900672134	6.78010092669002e-05	6.78010092173543e-05	6.78010087657386e-05	6.78010092097341e-05	0.00275016460125478	6.7801009262634e-05	0.00795134337215328
spot_20	8.3136658973473e-05	0.282638072690364	0.19776425953795	0.457427962093001	0.000512101171355343	8.31366589734758e-05	8.31366585947522e-05	0.00283071349267295	8.31366589734717e-05	8.31366589898429e-05	0.0584112077201525
spot_21	0.000134181490527246	0.0466593481615589	0.000134181490527248	0.220010290244939	0.000134181490527248	0.204571173033415	0.000134181493226993	0.288067688472885	0.23988641114494	0.000134181486926625	0.000134181490527248
spot_22	0.00226112921810654	0.121997438348321	0.22501969634413	0.01014931083717	0.200481866366279	0.432622531280282	9.38280002115843e-05	0.00709271560394456	9.38280003848383e-05	9.38280007858914e-05	9.38280003848349e-05
spot_23	0.292832731663292	0.0957202865796169	0.000138464386874955	0.000981416046200124	0.00287322110017747	0.6020254995888	0.000138464386880153	0.00487452308772223	0.000138464386846858	0.000138464386717983	0.000138464386871734
spot_24	0.000139720981638821	0.800141084523925	0.000139720981638822	0.00656536006274932	0.000139720981673705	0.000139720981637031	0.000139720981294551	0.000139720981672597	0.192175787561824	0.000139720980307629	0.000139720981638821
spot_25	8.54976883302222e-05	0.386708360486535	8.54976883760693e-05	0.485556533742436	8.54976885798081e-05	0.124226744583249	8.54976872089681e-05	0.00290987736963513	8.5497688330252e-05	8.54976889882104e-05	8.54976883302517e-05
spot_26	0.292295164283915	0.311644964321054	0.391995606459205	8.96428194349474e-05	8.96428192593323e-05	0.00343676520007943	8.96428193326589e-05	8.96428194333381e-05	8.96428193989099e-05	8.96428194540107e-05	8.96428194332223e-05
spot_27	9.22713656356869e-05	0.0954334001680227	0.0581488844916213	0.317964962068961	0.404242178888304	9.22713656400358e-05	9.22713641184021e-05	0.116180201211161	9.22713656400368e-05	9.22713657945642e-05	0.00756901634510045
spot_28	0.0223839017938746	8.05546616456962e-05	0.0222531083067319	0.0034780753355554	0.21211289177766	0.707969300928168	8.05546607493681e-05	0.0221636579830062	0.00931684522932061	8.05546616414343e-05	8.05546616466987e-05
spot_29	0.000142006364562542	0.42853264958928	0.000142006364562547	0.00884914203151153	0.000142006364923831	0.366826237749434	0.000142006365297335	0.19318784345386	0.000142006364594581	0.00175208898741091	0.000142006364562542
spot_30	0.0937183972223266	6.69571511474106e-05	0.854945428412736	5.48836244569826e-05	5.4883624795472e-05	5.48836247687714e-05	5.4883624743074e-05	0.000552543492433059	5.48836244009686e-05	5.48836244417e-05	0.0503873719737501
spot_31	0.000107679959904633	0.180151740015783	0.282013327485237	0.00952430507546483	0.00374729796108866	0.519314868335674	0.000107679959784549	0.00149048638941867	0.00332725489771362	0.00010767996002569	0.000107679959904635
spot_32	0.0829921807516346	0.143809498870144	6.25496580463268e-05	0.0737734182541393	0.463208327444682	0.139460798962689	6.25496631487342e-05	6.25496580598071e-05	0.0964430274375238	6.25496418855969e-05	6.25496580476569e-05
spot_33	0.00521663535326748	0.000279664770851391	0.110935310666705	0.192429755976721	0.284004131261617	0.0926349725623768	0.0002796647708379	0.115787541097072	0.197872993998549	0.000279664771150686	0.000279664770851389
spot_34	0.0169107056058008	0.0348139232479213	0.000175458983434985	0.189055501741626	0.000175458983822069	0.426815506851411	0.170058502094724	0.14518248373176	0.0164615407886251	0.000175458987434926	0.000175458983438592
spot_35	8.83020442545885e-05	0.408036856078823	8.83020442546669e-05	8.83020442545856e-05	0.4439745973115	8.83020442528308e-05	8.8302044204496e-05	0.0831867836100681	0.0641836486897868	8.83020443460486e-05	8.83020442545886e-05
spot_36	0.0014902864681141	8.54679313285975e-05	0.0712173804905506	0.0192362230655164	0.29646542020449	0.58361949322576	8.54679313740379e-05	8.5467931328594e-05	8.54679313285961e-05	8.54679313804843e-05	0.0275438568888288
spot_37	8.39521631499279e-05	8.39521631499298e-05	0.181974398295127	8.39521631499309e-05	0.151025702841912	0.228928798981008	8.39521534842207e-05	8.39521690633522e-05	0.331766978911663	8.39521538408103e-05	0.105800408004451
spot_38	7.42495634036045e-05	7.42495632725384e-05	7.42495632038729e-05	0.00527663037542978	0.18786496868152	0.787704980320672	7.42495632750999e-05	7.42495638944055e-05	0.0186336736787476	7.42495633025979e-05	7.424956327872e-05
spot_39	0.000161078119651154	0.293641667319601	0.000161078119409089	0.0762205319415941	0.000161078118945932	0.547308022969794	0.00016107811931256	0.000161078119698706	0.000161078119649139	0.0817022309326943	0.000161078119650504
spot_40	9.59864500624989e-05	0.222294041547606	9.59864500645554e-05	9.5986450064555e-05	0.125158758726999	0.65177930812598	9.59864505281791e-05	9.59864497736726e-05	9.59864500633578e-05	9.59864487933813e-05	9.59864500645409e-05
spot_41	4.21311008235824e-05	4.21311008241232e-05	4.21311016418137e-05	0.00416027984485109	0.945390981623115	0.0500771679308779	4.21311008248683e-05	4.21311008241459e-05	7.66528946840244e-05	4.2131100709598e-05	4.2131100824147e-05
spot_42	0.0483653857165955	5.77030166029423e-05	5.7703016597323e-05	0.00533048603860747	0.0720910471486614	0.2921514471155	5.77030153370817e-05	0.581715415875333	5.77030166029772e-05	5.77030235597467e-05	5.77030166029668e-05
spot_43	5.98777980218137e-05	0.109156907763864	0.470236938130527	5.98777979590259e-05	5.98777979083454e-05	0.19808896657633	5.98777978233375e-05	0.0375592833442962	5.98777977909203e-05	5.98777978366261e-05	0.184598637397643
spot_44	0.00013458689269381	0.31050890603567	0.000134586892488604	0.000134586892693814	0.000134586892717682	0.254862591405802	0.00013458688983054	0.000134586892693815	0.433551807414543	0.000134586898173738	0.000134586892693814
spot_45	0.000223910260400702	0.116701743315671	0.0536895296998059	0.00280353492145397	0.174180473391366	0.000223910259602365	0.000223910260410321	0.280932442185249	0.00347439645394417	0.365632651599896	0.00191349765220037
spot_46	0.000138790262566636	0.173956769938496	0.374545733095331	0.000138790262566664	0.000138790262450522	0.00231181366619295	0.000138790262488461	0.000138790261172016	0.337067702602906	0.000138790262216539	0.111285239123612
spot_47	0.000139723768853377	0.400916850918698	0.000139723768899431	0.000139723768894871	0.389384620341006	0.000139723768899421	0.000139723768463544	0.169998819117442	0.0386742346803001	0.000187132329644623	0.000139723768899421
spot_48	0.0994427760555432	0.0528890471285436	8.92477836902881e-05	0.000460138965289363	0.108435913236767	8.92477830142328e-05	8.92477875297196e-05	8.92477833886113e-05	0.408960188532779	8.92477825050088e-05	0.329365697160951
spot_49	0.000127438896660718	0.000127438896660711	0.069836611226457	0.115636715202054	0.247320313930722	0.452306826768898	0.000127438896671793	0.114134899491202	0.000127438896660716	0.000127438897352667	0.000127438896660718
spot_50	0.0235214206538385	0.0524816428426007	6.10118178768704e-05	0.576824249950158	0.000381112040272369	0.202451266384618	6.10118178120664e-05	6.10118178789678e-05	0.144035249039206	6.10118178581462e-05	6.10118178797276e-05
spot_51	0.185402345631518	0.396743075636896	0.000202304713751746	0.00131614224489516	0.149873765930567	0.248450245100969	0.000202304712755841	0.00020230471379783	0.0172029018873377	0.000202304713760126	0.000202304713751748
spot_52	8.65035055738724e-05	0.104730295128123	8.6503505569268e-05	0.186454283758252	0.216193404336129	0.492016492237854	8.65035062288995e-05	8.65035055678229e-05	8.65035055738696e-05	8.65035055535809e-05	8.65035055738796e-05
spot_53	0.000124752207671034	0.000124752202952166	0.278808900674186	0.000124752202952161	0.249519356351701	0.12445189926468	0.000124752200648346	0.346346578297202	0.000124752202952172	0.000124752192102175	0.000124752202952198
spot_54	0.0142847415991381	0.23649128196537	0.000119490538120431	0.00933515161707483	0.279527851353336	0.446552251755286	0.000119490538131439	0.000119490538114851	0.0132112690189831	0.000119490538324013	0.00011949053812043
spot_55	3.82458812708578e-05	0.0942820904165722	3.82458813149218e-05	3.82458812713291e-05	0.516893206867327	0.375228019693402	3.82458819185818e-05	3.82458806764143e-05	6.78013115257806e-05	3.82458820116264e-05	0.0132994064227096
spot_56	9.24997186511361e-05	0.59238523536818	0.000200698755750675	0.263700052461487	9.24997185351229e-05	9.24997176016356e-05	9.24997186306345e-05	0.143066515385323	9.249971863133e-05	9.24997185581403e-05	9.24997186511729e-05
spot_57	1.93080055580614e-05	1.93080048421908e-05	0.0857881241227722	1.93080048420476e-05	0.0822422882434081	1.9308004800243e-05	1.93080033798735e-05	0.831815123595862	1.9308004842377e-05	1.93080048504963e-05	1.93080048422312e-05
spot_58	4.88348946691015e-05	4.88338368356858e-05	4.88348955792476e-05	4.88255560963092e-05	4.88348989154465e-05	0.99951166145206	4.88348982061947e-05	4.88348946085191e-05	4.88349027462412e-05	4.88348756128124e-05	4.88348946697924e-05
spot_59	0.121614039563678	0.140061695455323	0.000131290713543414	0.140290844512371	0.114473977306662	0.000131290713543413	0.00013129071405529	0.473987101135121	0.00346933044377199	0.00557784872838762	0.000131290713543412
spot_60	8.69924248140369e-05	0.739799355716231	0.000213366555703783	8.69924248438526e-05	8.69924249605595e-05	0.25929133832968	8.69924247803627e-05	8.69924248336168e-05	8.69924245582608e-05	8.69924247855712e-05	8.69924248095187e-05
spot_61	9.94365914289033e-05	0.0201501497814173	9.94365914231794e-05	9.94365914311605e-05	0.111241114653387	0.798749878282567	9.94365925154938e-05	0.00736815688501171	0.00951426709479092	9.94365913698291e-05	0.0524792503446573
spot_62	0.000100600899775174	0.0608653972640518	0.000100600899839169	0.000100600899762805	0.00125676002477201	0.362205129547257	0.000100600898536953	0.470125996654136	0.00010060089975197	0.104943111112341	0.000100600899775169
spot_63	0.000119277700001848	0.506623323095588	0.000119277699861712	0.0292821227608453	0.0448681831438672	0.000119277700001852	0.000119277699993084	0.000119277699995022	0.392081757080837	0.000119277700062382	0.0264289477189462
spot_64	0.000105154324915645	0.000105154321873964	0.000105154322550822	0.000105154321850187	0.489416696945612	0.509636914153317	0.000105154320922296	0.000105154321802238	0.000105154321850244	0.000105154323455478	0.000105154321850243
spot_65	4.22226163200062e-05	0.598716937369348	0.237094849626243	0.00363902239741391	4.22226169342002e-05	0.160253632291698	4.22226167439044e-05	4.22226163313777e-05	4.22226163272509e-05	4.22226163202323e-05	4.22226163200102e-05
spot_66	4.1036354545267e-05	0.10827608935615	4.10363545452714e-05	4.10363545452737e-05	4.10363509344346e-05	0.447847490524476	4.1036340695243e-05	0.233395069646601	4.10363393664207e-05	4.10363182775828e-05	0.210194096059863
spot_67	8.45315262155709e-05	0.431485018834178	8.45315262154803e-05	0.000948426494936003	0.56689030246332	8.45315262155731e-05	8.45315242599936e-05	8.4531526031579e-05	8.4531525832207e-05	8.45315265803052e-05	8.45315262155743e-05
spot_68	0.164417748240839	0.0424580609369216	0.000127484519564746	0.000127484519594625	0.000127484519564364	0.228524275596694	0.000127484519844615	0.28079018684632	0.1750078078176	0.0001274845189446	0.108164497964114
spot_69	0.000106247746082625	0.163952264025292	0.000106247746066091	0.000307197925574877	0.00010624774576213	0.0001062477454096	0.000106247746121919	0.00255765090512148	0.000106247727221235	0.832439152941068	0.000106247746280178
spot_70	5.96837859510057e-05	0.364100492913643	5.96837859509987e-05	5.96837859510083e-05	0.635334342492759	5.968378582149e-05	5.96837888695453e-05	5.96837859510083e-05	8.76943029460616e-05	5.96837862057403e-05	5.9683785951008e-05
spot_71	9.06367078939785e-05	0.0752502884380399	0.0743673132225346	0.0745983164301073	9.06367079066338e-05	0.571205338033918	9.06367021783716e-05	0.0489658019355652	0.155159758405722	9.06367082404176e-05	9.06367078939762e-05
spot_72	8.22447368151964e-05	0.091646552068625	0.0895343252270649	0.139473146130233	8.22447364919803e-05	0.194887052527505	0.00138169903898265	0.482666001323878	8.22447368217784e-05	8.22447367680449e-05	8.22447368152413e-05
spot_73	9.06192549775632e-05	0.231954955956782	0.00639354783853154	9.06192549895656e-05	0.0364920794473883	0.584676698825484	9.06192508940109e-05	0.139939002405947	9.06192550089846e-05	9.06192550196827e-05	9.06192549775513e-05
spot_74	9.14604591342392e-05	9.1460459134236e-05	0.33892230797244	9.1460459141188e-05	9.14604598744134e-05	0.557951441240698	0.10239456711263	9.14604591198304e-05	9.14604592329738e-05	9.14604594603326e-05	9.14604591342378e-05
spot_75	8.24082096376356e-05	0.989025988082052	8.24082096376308e-05	8.2408209640308e-05	0.0029609736390484	8.24082096376406e-05	8.24082095930736e-05	8.24082096542093e-05	0.00570097296570881	0.00173520784575277	8.24082096376361e-05
spot_76	0.000136081802556549	0.122319245287318	0.0787721005108008	0.000136081802556549	0.303774193847555	0.470838957366938	0.00013608180255899	0.000136081802779185	0.0234790121717027	0.000136081802677245	0.00013608180255655
spot_77	0.00138189708688064	0.000116767577159069	0.336800272837494	0.104722484141534	0.342509176991332	0.200855114932552	0.000116767577169356	0.00011676757715761	0.007997404356209	0.00526657934535327	0.000116767577159058
spot_78	0.0633354152220116	0.286367449186316	0.0442307123469641	8.79922722457775e-05	0.138683923092005	0.446023413004941	0.0016259071970336	8.79922724111161e-05	8.79922724053402e-05	8.79922721991274e-05	0.0193812108614664
spot_79	3.11955285417894e-05	3.11955284916291e-05	3.11955285294262e-05	3.11955284840841e-05	0.999593642025655	3.11955284841596e-05	3.11955284928141e-05	3.11955294053662e-05	0.000125598216985511	3.11955284466405e-05	3.11955284837047e-05
spot_80	0.653138556957351	3.61989621128248e-05	0.253268636178713	0.00198843091073502	3.61989621923023e-05	3.61989620077326e-05	3.61989625138666e-05	0.0826931557568037	3.61989621529095e-05	0.00325924834739278	0.00547097703802433
spot_81	0.00815801434093835	0.0887193980770759	7.90032025585683e-05	0.000880877615228461	0.387718826930047	0.239784544264187	7.90032020423976e-05	0.00061911254502581	0.264858511010441	0.00902370560989573	7.90032025596787e-05
spot_82	8.81226843755253e-05	0.000106644876999609	0.774937727940952	8.81226843623903e-05	8.81226848809901e-05	0.223579673395493	8.81226839416374e-05	8.81226844198247e-05	8.81226846864781e-05	0.000759094995513429	8.81226843755255e-05
spot_83	0.000194347460306773	0.000194347460307793	0.000194347460312487	0.137775400825009	0.129188249447438	0.416303814773919	0.108645964389659	0.182403411238143	0.0247114220319691	0.000194347452628729	0.000194347460306784
spot_84	8.55319930548722e-05	0.634307220054893	8.55319930548727e-05	0.364922992006243	8.55319930767819e-05	8.55319930548765e-05	8.55319936637311e-05	8.55319930521412e-05	8.55319930548746e-05	8.55319937973712e-05	8.55319930548727e-05
spot_85	0.0129961461087674	0.163838681591766	7.27952603944513e-05	7.27952604340384e-05	0.00149236797297176	0.000326399327855566	7.27952602548994e-05	0.0438344169880809	7.27952606793163e-05	0.777148011708412	7.27952603834268e-05
spot_86	0.00011676527405997	0.000116765273994052	0.260863062201954	0.00011676527406742	0.341959431922206	0.218150498483314	0.000116765273999728	0.178203875760547	0.000122539987998764	0.000116765273865097	0.000116765273994056
spot_87	0.111145411132122	0.0848559517903112	0.0230462273518483	4.17978018745906e-05	0.766345746163196	0.012769537331023	4.17977980955819e-05	4.17978018764842e-05	4.98704710614971e-05	4.17978017271205e-05	0.00162006455686398
spot_88	0.000179774869547963	0.198547284733867	0.0101045990037324	0.000179774869556143	0.00530523848846185	0.759030157266036	0.000179774869862031	0.00234575666309012	0.0237680895001847	0.000179774866102742	0.000179774869559111
spot_89	8.64078057517226e-05	8.64078057494392e-05	8.64078057491484e-05	0.149365821727218	0.225417968249933	0.520395484796859	8.64078004837624e-05	8.64078057516652e-05	9.35064847447692e-05	8.64078024651213e-05	0.104208771915295
spot_90	0.0146025135145131	0.98401445598799	7.46311250508083e-05	6.33963746496717e-05	0.000426212956411859	0.000384763351951366	6.33963747541778e-05	6.33963746346006e-05	0.000180441190697869	6.33963746871825e-05	6.33963746595222e-05
spot_91	0.0583680536870886	0.315886150214427	0.13146247983537	5.94739985887006e-05	5.94739985792849e-05	5.9473996716304e-05	5.94739990405096e-05	0.0288452671768796	0.154195737903242	5.9473998576621e-05	0.310944941191491
spot_92	9.05562992194306e-05	0.0397361106965916	0.00526302295689505	9.05562992317924e-05	0.41592691137123	0.538436789395022	9.05562992533862e-05	9.05562992343005e-05	9.38277768603905e-05	9.05563072297445e-05	9.05562992317923e-05
spot_93	0.000136274918702655	0.107272477807413	0.000136274918682914	0.000136274918685761	0.000566531063862859	0.529998167925538	0.30296817532978	0.0399201788451817	0.0168697663763424	0.00185960297710747	0.000136274918702651
spot_94	5.44314606767893e-05	5.44314632677582e-05	5.44314625685293e-05	0.241035198315165	5.44314632682622e-05	5.44314640492867e-05	5.44314634256386e-05	0.394253869096825	0.364275480883847	5.44314636384997e-05	5.44314632682692e-05
spot_95	0.000128640606556912	0.000128627998425962	0.000128644787677333	0.000128640606772467	0.000128640608271311	0.406533022838049	0.000128640609374169	0.0220944897229047	0.000128640606894796	0.570343371008467	0.000128640606606014
spot_96	0.204432035466462	0.000129710701043441	0.425159734780544	0.0278715190198216	0.127859334899513	0.000114128419598084	0.000114128421584781	0.000114128419596649	0.0357482009212876	0.000114128419642282	0.178342950530907
spot_97	0.000134412204450281	0.0001344122045165	0.190076700524867	0.000134412204995016	0.100970048043457	0.363245911222048	0.000134412205994865	0.000134412204525585	0.344766454776525	0.000134412204103734	0.000134412204516397
spot_98	0.00365099070348967	0.299886581267705	4.22575732670673e-05	4.22575732661683e-05	0.602691745664612	4.22575730179583e-05	4.22575731551307e-05	4.22575732654821e-05	0.0918004170962784	0.00171671982867751	4.22575732661236e-05
spot_99	0.0297785950340042	0.240261317879106	0.0814980251853493	7.31263836768513e-05	0.141756454485032	7.31263839459624e-05	7.31263832015591e-05	7.31263836492124e-05	7.31263836707989e-05	0.506266849114693	7.31263836707988e-05
spot_100	0.000157451284006956	0.262566510982841	0.122763413935965	0.0584694032879055	0.000157451283855552	0.250427130733424	0.000157451284034713	0.0415587428006072	0.000157451283920532	0.263427541839433	0.000157451284006953
spot_101	4.1604054279021e-05	4.1604054282091e-05	4.16040541949066e-05	4.16040542797485e-05	0.0637168556759267	0.0753453875885978	4.16040542800017e-05	0.0068553749499593	0.852904259833057	0.000928497626863832	4.16040542797393e-05
spot_102	0.000190550071119734	0.312868009763859	0.000190550071119734	0.0207424079898534	0.278582390862403	0.295584580962119	0.000190550073836769	0.0910793099920807	0.000190550071119734	0.000190550071368414	0.000190550071119705
spot_103	9.7423368322282e-05	0.0739872013307579	0.126346209938031	0.028796724305121	0.0585520216458081	0.711733302562407	9.74233683264905e-05	9.74233683306253e-05	9.74233683235626e-05	9.7423376248735e-05	9.74233683235557e-05
spot_104	3.97478978920909e-05	0.124366607026345	5.5878831583039e-05	0.0448774738348296	0.637727506269323	0.170045385038999	0.00184599441872275	0.00868041829103181	4.24052150122226e-05	3.97478979268627e-05	0.0122788352783347
spot_105	0.342398059718477	0.113024553228368	0.0881393399826823	8.54067340945451e-05	0.453666948694348	0.000106948983089171	8.54067340969616e-05	8.54067340945474e-05	0.000675186671947786	0.00164733578470783	8.54067340945544e-05
spot_106	0.0509311419031579	8.21017319558456e-05	0.163565986455841	8.21017319558459e-05	0.38906641676437	0.00958467291924321	8.21017316601246e-05	8.21017319558455e-05	0.183688610936893	8.21017334669487e-05	0.2027526623595
spot_107	0.000197981593439207	0.0521219458553838	0.083978431568484	0.000197981593439194	0.240529573319752	0.142257217909649	0.000197981593456241	0.34509126121308	0.134182239527794	0.00104740423208348	0.000197981593439195
spot_108	0.000135708331678615	0.000238374675775693	0.666407824325562	0.0127205325743308	0.0107104033039889	0.309108615128125	0.000135708331721881	0.00013570833171555	0.000135708331724757	0.000135708333655277	0.000135708331721872
spot_109	0.00428181600055212	0.138208595001522	0.000102674567729865	0.000102674567752843	0.000102674567759658	0.224571250406745	0.000102674566845552	0.000102674567771156	0.153912974786926	0.478409316398652	0.000102674567742976
spot_110	0.113456236543866	0.0754423870815361	0.000132204051150055	0.000132204051224069	0.020073511126363	0.58999033103888	0.000132204051250515	0.000132204051255085	0.198683453316643	0.00169306063660855	0.00013220405122405
spot_111	0.135544415669622	4.84285686057836e-05	4.84285717161757e-05	4.8428572563927e-05	0.863904466077005	8.13871676750526e-05	4.84285524542234e-05	4.84285713906456e-05	0.000130731122944717	4.84285574173513e-05	4.84285686046132e-05
spot_112	0.0647642841218523	0.0128791135655158	0.0173932205904236	8.95058988523106e-05	0.114472989633629	0.401246354392648	8.9505899010784e-05	0.378339136039014	8.95058988534282e-05	0.000277152091255419	0.0103592318689454
spot_113	2.05580422163768e-05	0.105053739502173	2.05580426077823e-05	2.24803157344821e-05	0.894618209460568	2.05580422186384e-05	2.05580425668187e-05	2.05580422935867e-05	0.000161664425228524	2.0558042173153e-05	2.0558042218645e-05
spot_114	0.141575801152501	0.390434672547656	0.0424353228530237	0.245147967449192	9.3394977740442e-05	0.17984586613129	9.33949775129116e-05	9.33949777310601e-05	9.33949777435632e-05	9.33949778772632e-05	9.33949777321909e-05
spot_115	0.128922289164391	0.404762942949988	0.000126826392144319	0.000126826392149508	0.324090154056076	0.140592682964718	0.000126826394768769	0.000126826392140744	0.000126826392144351	0.000870972509334247	0.000126826392144318
spot_116	8.39911336612813e-05	0.0765040453958531	0.0531108021317992	0.00218846362330778	0.479678530273577	0.388014211772636	8.39911343301146e-05	8.39911336671501e-05	8.39911336671528e-05	8.39911338337225e-05	8.39911336671467e-05
spot_117	5.723124205653e-05	0.000198786144980428	0.819725047964333	5.7231242077945e-05	0.0109984472528135	0.166181431693995	5.72312420504143e-05	5.72312420584377e-05	0.00250873390320604	5.72312420529893e-05	0.000101396830376586
spot_118	4.10963228324559e-05	0.0783053620989158	0.0685853303117371	4.10963227085939e-05	0.245793992231651	0.0317915790115021	4.10963231150634e-05	0.562957006482174	4.1096322707947e-05	4.10963227959685e-05	0.0123612482498605
spot_119	0.0398990774193334	0.293066728176352	4.08904884348712e-05	4.08904866493918e-05	0.621028453606275	0.0359441675445621	4.0890488484126e-05	0.00644637750554208	4.12365864094814e-05	4.08904884620443e-05	0.00341039720949529
spot_120	7.9601277664444e-05	0.176224597966048	7.96012776648301e-05	7.9601277664445e-05	0.430353929663578	0.392774291336561	7.960127772401e-05	7.96012776706528e-05	8.99720900725832e-05	7.96012776881865e-05	7.96012776644419e-05
spot_121	0.187463892752717	0.255190845642723	0.0637145327790129	0.00140406575167504	0.463396867527332	0.0279788393012992	0.000139308973613875	0.000139308973682944	0.000139308973652562	0.000139308973888433	0.000293720350403701
spot_122	6.19507698137626e-05	0.101449860609911	6.19507698134897e-05	6.19507698129472e-05	6.19507693188971e-05	0.321733857868542	6.19507682169216e-05	0.44673077737276	6.19507698602417e-05	6.19507687193277e-05	0.129651848763231
spot_123	6.5657562979412e-05	0.14575052064889	6.56575628982793e-05	6.56575629816958e-05	6.56575629672501e-05	0.839801910770254	6.56575637205838e-05	0.013922308075382	6.56575630225179e-05	6.56575639256344e-05	6.5657562979414e-05
spot_124	8.76520258159686e-05	8.76520258166292e-05	8.76520257956209e-05	0.243397528293146	8.76520257392548e-05	0.746632509680861	8.76520258293987e-05	8.76520258185168e-05	8.76520258185172e-05	8.76520257745762e-05	0.00926874581958419
spot_125	6.35171077964465e-05	0.0558541654370789	6.35171077964409e-05	6.35171077976202e-05	6.35171076685369e-05	0.16494999322398	6.35171077289124e-05	0.585725050702618	6.35171077527649e-05	6.35171078321178e-05	0.193026170881949
spot_126	0.000317663565301176	0.559336303990301	0.000317663565301145	0.0245939007113959	0.000317663565283349	0.340789754075987	0.00515258479059832	0.0507758245677703	0.00564113853847996	0.0014595098517991	0.0112979927777825
spot_127	8.43427775033725e-05	0.140387368593393	0.151211770608767	0.00627014249006017	0.213417381341551	0.468869785414463	8.43427772087768e-05	0.0192071638099703	8.4342777503369e-05	0.00029901663207711	8.43427775033691e-05
spot_128	0.00012070665414321	0.48429779927981	0.0186681140824287	0.00560468584312303	0.0168980449551953	0.00012070665414321	0.000120706651444322	0.287584064134739	0.186343758436482	0.00012070665434905	0.00012070665414321
spot_129	0.179878900468631	6.59350763417279e-05	6.59350763195698e-05	6.59350763085986e-05	6.59350765032913e-05	0.819527683844089	6.59350762626389e-05	6.59350763501547e-05	6.59350764746147e-05	6.59350763774387e-05	6.59350763417178e-05
spot_130	0.202156928744593	0.210937329397199	0.000182302032519159	0.000182302032518356	0.172789446659092	0.27257650619749	0.00018230203251456	0.000186906262721439	0.128173780604867	0.000182302032598106	0.0124498940038885
spot_131	0.000110604667548949	0.296140389657843	0.000110604666514436	0.000110604666683004	0.000110604678038245	0.702864168331119	0.000110604666596429	0.000110604666629134	0.000110604664547438	0.000110604667857723	0.000110604666622446
spot_132	4.4594339614155e-05	0.659549402007521	0.333562742499833	4.45943396184839e-05	4.45943368602706e-05	4.45943396136854e-05	4.45943389482739e-05	0.00653110077928383	4.45943394877095e-05	4.45943396052099e-05	4.45943396141612e-05
spot_133	8.77613186610149e-05	0.000103501559939607	0.424245160942926	0.000208461589869792	0.00219752727021027	0.570100215744134	8.77613188161238e-05	0.00247788630771075	0.000316201310687443	8.77613183838045e-05	8.77613186610105e-05
spot_134	0.106158793377544	0.107147492173143	0.0903578749380914	0.000122584125758982	0.126396380094109	0.244230684659773	0.000122584122920001	0.000122584125805839	0.325095854132305	0.000122584124790718	0.000122584125758981
spot_135	5.83080958370067e-05	5.83080958371284e-05	0.345573268129024	5.83080958371162e-05	5.83080995726541e-05	5.83080961948904e-05	5.83080966899071e-05	0.286911010184417	5.8308096090014e-05	5.8308091234833e-05	0.367049256919266
spot_136	0.000117611322461359	0.339419232047095	0.247362879331166	0.0740939017489051	0.0307583052395977	0.272736574146332	0.000117611323085426	0.000117611322526329	0.0339572987561669	0.00120136344015349	0.000117611322511101
spot_137	0.00355911628154508	9.3451698789569e-05	9.34516985513001e-05	0.0199098115267315	0.164990045633573	0.503705852693471	9.34516963319473e-05	9.34516987639014e-05	9.3451698774131e-05	0.307274463674695	9.34516987741353e-05
spot_138	0.000102861846881556	0.0897951335139642	0.000102861846881692	0.000102861846881585	0.007925866226896	0.151915216434814	0.000102861846843515	0.749643750897672	0.000102861846848342	0.000102861845436103	0.000102861846881587
spot_139	9.04708274423361e-05	0.0457218521127601	0.0786530173980837	0.276475496063268	0.0233645195833184	0.56555384709972	9.04708273758718e-05	9.0470827487152e-05	0.00977891360598018	9.04708271211363e-05	9.04708274433938e-05
spot_140	9.10250287264157e-05	0.375074528713461	9.10250288542793e-05	9.10250288554533e-05	9.10250292057912e-05	9.10250288542283e-05	0.624106246026495	9.10250288542591e-05	9.10250290708735e-05	9.10250287677644e-05	9.10250288542195e-05
spot_141	0.0759205875850023	0.214610507150089	0.0169482973959907	0.0632472675495267	7.5091616042364e-05	0.165793552421532	7.50916158014542e-05	0.0594876454953984	0.0846205306519032	0.319146336902689	7.5091616024796e-05
spot_142	0.0633826114677822	0.187410579848571	0.000153207137759024	0.025171852414502	0.0297877999862853	0.662670206018262	0.000153207137018222	0.000153207137801114	0.0308109145764571	0.000153207137799571	0.00015320713776258
spot_143	0.0934745009384495	0.000125215844283772	0.000125215844280801	0.00824220488116409	0.165450017541095	0.490931762428368	0.000125215844282682	0.0196285582618942	0.162367414754839	0.000125215844305206	0.0594046778170366
spot_144	7.25681911616652e-05	7.2568191219645e-05	7.25681912551922e-05	7.25681912106812e-05	0.0432863463248183	7.25681912149926e-05	7.25681911252602e-05	0.931394078826192	0.0229876917987652	0.00182390571182318	7.25681912145579e-05
spot_145	9.26658767770988e-05	0.996681442041912	9.26658767771425e-05	0.00248456506705247	9.26658766972797e-05	9.26658767668111e-05	9.26658769253039e-05	9.2665876753071e-05	9.26658767916517e-05	9.26658767698218e-05	9.26658767770937e-05
spot_146	0.0315300866826378	0.138230444118262	0.166744879974497	0.00148654387003353	0.00702074742246081	0.654635842882975	7.0291010139026e-05	7.029100976e-05	7.02910097527413e-05	7.02910096953834e-05	7.02910097862435e-05
spot_147	6.4003577604701e-05	0.0719970888321073	6.40035776058021e-05	0.0145678574485847	0.0628629357222878	0.833689822863863	6.400357664199e-05	6.40035776123584e-05	0.0164982736685206	6.40035775628337e-05	6.40035776086544e-05
spot_148	0.000140711871279193	0.151991518595588	0.0670812502031701	0.0828371728889213	0.449526267878188	0.247050366388604	0.000140711870981285	0.000140711871246706	0.000809864689339641	0.000140711871401431	0.000140711871279861
spot_149	6.58615677459272e-05	6.58615683068036e-05	6.58615694674851e-05	6.58615584204163e-05	0.847819506584351	0.151584588553327	6.58615695444937e-05	6.58615678768258e-05	6.90123228962534e-05	6.58615704439904e-05	6.58615676198367e-05
spot_150	7.37364703806178e-05	0.313782618153009	6.33616859587547e-05	0.00636633399817928	0.117762734942363	6.33616859587433e-05	6.33616848334689e-05	0.561634406321235	6.33616859590359e-05	6.33616861642328e-05	6.3361685958737e-05
spot_151	0.485528155932566	0.0383593280320108	0.471015824557057	6.69956228485354e-05	6.69956216327983e-05	0.00462772212529354	6.69956215117259e-05	6.69956217459063e-05	6.69956216991246e-05	6.69956218888178e-05	6.69956217458969e-05
spot_152	1.93716774466469e-05	0.0815831964460311	1.93716774468832e-05	0.173628516689437	0.71400351580232	1.93716774468842e-05	1.93716772527783e-05	0.017129168802746	0.0135393721949568	1.93716774683152e-05	1.93716774468856e-05
spot_153	9.63985174686494e-05	0.780130454725308	0.0162658248530966	9.63985175036357e-05	9.63985171434546e-05	0.102810516629934	0.00246830865061451	9.63985174014883e-05	9.63985173309051e-05	9.63985164664525e-05	0.097746504037732
spot_154	0.212682419941823	0.689945405521565	0.000132718197423471	0.000132718197427805	0.00192202464792893	0.000132718197421789	0.000132718197604474	0.0945211225064613	0.000132718197501843	0.000132718197418879	0.000132718197423487
spot_155	0.0202768179290747	0.110845967984781	0.087628722545067	5.39884229760827e-05	5.39884221216876e-05	0.780870572585832	5.39884220207376e-05	5.39884221429272e-05	5.39884216844781e-05	5.39884221977622e-05	5.39884221012818e-05
spot_156	4.58378131855269e-05	0.238772804583779	0.297390330737203	4.5837813152552e-05	4.58378130815585e-05	0.463470162173642	4.58378131826432e-05	4.58378131796068e-05	4.58378131603943e-05	4.58378132481447e-05	4.58378131855254e-05
spot_157	0.0275283044633402	0.000329969820434751	0.000329968518276566	0.00780197770511725	0.105657310136256	0.548762402521811	0.000329968619486416	0.008108233705745	0.000329969034448374	0.300491926853735	0.000329968621350801
spot_158	7.38202672549027e-05	0.0758190561298803	7.38202672333524e-05	7.38202665590766e-05	0.886239404233292	0.000112277753211675	7.38202647055815e-05	7.38202672522751e-05	8.63598264544282e-05	7.38202637270879e-05	0.0372999804604298
spot_159	0.0642432337756345	0.17664832975085	0.0516357306851504	3.60372633678233e-05	3.60372633415961e-05	0.152315433637367	3.60372632621585e-05	0.00100137657667892	3.60372633374673e-05	0.553771983042012	0.000239763478998837
spot_160	9.05742632383732e-05	0.0500155245705416	0.0334559721453287	9.05742632372509e-05	0.332628664602022	0.583265818839627	9.05742630969198e-05	9.05742632537501e-05	9.05742632372491e-05	9.05742631797886e-05	9.05742632372518e-05
spot_161	0.0141483083417945	0.0956760516864845	0.000467723049387678	0.000467723049386658	0.168759566822021	0.00799965975714872	0.109215843068494	0.0151369143520031	0.278155400192705	0.283539279332331	0.0264335303482435
spot_162	8.59647201252627e-05	8.59647201454957e-05	0.00712127501438179	0.126820690886472	0.335470204919494	0.456157886535042	8.59647171436805e-05	8.59647201444477e-05	8.59647201455049e-05	8.59647202332772e-05	0.0739141543266732
spot_163	0.0125103891737338	0.575657563796176	0.17329981428271	0.0140481587362459	0.0639391925888474	0.025220857214014	0.000488689396406592	0.0785931564484319	0.000274964252140654	0.000274964254049076	0.0556922498572442
spot_164	0.300377749189983	6.73960942685072e-05	6.73960941011025e-05	6.73960942879176e-05	6.73960966894727e-05	0.389148641661907	6.73960950779929e-05	0.309934440392624	6.73960925273488e-05	6.73960942655673e-05	6.739609426847e-05
spot_165	9.09221295119805e-05	9.09221295095951e-05	9.09221294995075e-05	0.224728750793476	9.09221294988577e-05	0.774452950040834	9.09221294271565e-05	9.09221295119763e-05	9.09221295119686e-05	9.09221297087711e-05	9.09221295095087e-05
spot_166	0.00017150959772855	0.134987197809481	0.000171509597728631	0.00525302711549464	0.0540015239269107	0.211209659683795	0.000171509598137064	0.332308042769213	0.230994106288096	0.000171509597446716	0.0305604040159695
spot_167	6.37172849907503e-05	0.12399761475993	6.37172849905261e-05	6.37172849907497e-05	6.37172852793651e-05	0.349882856235072	6.37172849877474e-05	0.50150586499416	6.3717282963198e-05	6.37172849808173e-05	0.0241676430176545
spot_168	6.1952793472022e-05	0.0738239419747863	6.19527934721034e-05	0.363254785948265	6.19527934883455e-05	0.00359784081723708	6.19527935407491e-05	0.471006540679011	6.19527934720885e-05	6.19527935642738e-05	0.087945173819691
spot_169	0.0634163807464011	0.652671278505794	0.0364573011431183	0.000135440029501043	0.107266416982226	0.000135440029718845	0.00013544002957311	0.000135440029721338	0.00013544002968876	0.139375982444555	0.000135440029702021
spot_170	4.08417776086858e-05	0.447564367841045	0.104377465764518	4.08417776051285e-05	0.0418041966447664	4.08417770414583e-05	4.08417773534769e-05	0.405968077307297	4.08417775918569e-05	4.08417775648155e-05	4.08417776086801e-05
spot_171	0.0147918641417588	0.00016849695322691	0.000168496952857137	0.0684626688929249	0.0938442852721229	0.345677378392493	0.00016849694918459	0.160021580510337	0.0116222280002736	0.304906006981592	0.000168496953228772
spot_172	8.91133863147866e-05	0.122077077330208	8.91133863163603e-05	0.0170913317099306	0.516259759988789	0.282703365389043	8.91133864666779e-05	0.0613005657388033	0.000122332911520898	8.91133862913115e-05	8.91133863160033e-05
spot_173	8.82939050812895e-05	0.280864577872187	8.82939050789374e-05	0.115673751017586	0.598598897189084	8.82939050812939e-05	8.82939050806911e-05	8.82939050812845e-05	0.000121613360038262	0.00421139713062012	8.82939050812863e-05
spot_174	2.38835104386532e-06	0.150459495605673	0.0771063109872564	2.38835104313322e-06	0.00517423734118713	0.0220306587863837	2.38835112309624e-06	2.38835104284784e-06	2.38835104150939e-06	0.745214967173161	2.38835104385649e-06
spot_175	0.0257240869420239	0.12417488147318	0.578088066554532	0.00261232145415793	0.00179750806701664	0.262666539470317	0.00195507482746855	0.000175653531483975	0.00149015400172657	0.00114006014655713	0.000175653531537439
spot_176	5.92658718066941e-05	0.999355344174784	0.000103260368163572	5.92658718336049e-05	5.9265868504287e-05	5.92658718066972e-05	5.92658717854642e-05	5.92658717986389e-05	5.92658721224219e-05	5.92658698109711e-05	6.72684875837489e-05
