	B	CD4Tconv	CD8Tex	Endothelial	Fibroblasts	Malignant	Mast	Mono/Macro	Myofibroblasts	Plasma	Tprolif
spot_1	0.0821434463126278	0.34573058290774983	0.25951193947155377	0.003396282001885591	0.24031775227711977	0.034480551015289074	0.0012811734534071844	0.007052585006899599	0.006297855945951782	0.003097154220452127	0.016690677387063483
spot_2	0.11825266500091608	0.09518218269583177	0.07930674328264158	0.023610091813707327	0.01282261376770029	0.4071656292702712	0.0019094613399764898	0.22433675367417327	0.0024397286831555004	0.003157305482041913	0.031816824989584436
spot_3	0.05533878122555189	0.22386377127152732	0.12594047440237943	0.008856668445380756	0.03992385262424761	0.31178440219207065	0.001439801505724187	0.06824328559630648	0.15692503056518858	0.003144578047189926	0.004539354124433339
spot_4	0.026457742847121976	0.1695767004075519	0.09031536074002923	0.010152716004263776	0.12379862360328234	0.4570147407727382	0.0015819448952327046	0.019740566235328806	0.006768772684519122	0.003967470527698037	0.09062536128223396
spot_5	0.03698477292911862	0.12464056603020217	0.09714642256941611	0.0060068769785726625	0.1055123578300232	0.35794277833392063	0.0012779940233164382	0.1019408724641213	0.026233164675600874	0.12113736340365103	0.021176830762056887
spot_6	0.07649483927462444	0.07206022225927311	0.049246609829081786	0.3648771048207411	0.20008719381799545	0.16452059717308137	0.000995554609194777	0.05496938177256239	0.006439972709509669	0.0021846537339648	0.00812386999997123
spot_7	0.006767454240453036	0.2175132267866012	0.17892103156146524	0.005500635486467083	0.017821961843971734	0.4403408059019998	0.0012958917229170296	0.06100143861532424	0.019524996326179718	0.04107453199948798	0.01023802551513313
spot_8	0.04071879709610654	0.11508997757910235	0.04961188078208738	0.3619453279298072	0.03154112347000327	0.29020028078933835	0.035274455294007745	0.00518309189894248	0.004297618926673832	0.0620142829339638	0.004123163299967013
spot_9	0.04354803806344656	0.2050391257396594	0.08385504030454433	0.11857591954080526	0.2175434610236634	0.1034758043985708	0.0032337471911318945	0.21034115028546632	0.00666791418591591	0.002705664369099654	0.005014134897696367
spot_10	0.02684910808253645	0.08316594439504159	0.043191800594675145	0.17596219366579466	0.4588288450470793	0.030247675065323384	0.00046825722644943345	0.003469014418172223	0.1257791283501439	0.04736968517967706	0.004668347975106743
spot_11	0.06470410068370105	0.19536790822514014	0.09295190098051855	0.0055188956779812825	0.1901729617032754	0.3095936630114395	0.11189711251643036	0.0066469686201790345	0.01343523964172526	0.006065718713845647	0.0036455302257638557
spot_12	0.18602114586091048	0.20175885355316434	0.11262392347833328	0.006854992648693741	0.13351106751486785	0.03052237805967082	0.0012222327647022683	0.08165850596247347	0.1538585980051859	0.08535798117893886	0.006610320973059196
spot_13	0.010516518459058068	0.25914822471727395	0.1550176489182045	0.12791377434311252	0.038114024021567945	0.03239561301085903	0.0027927645866933732	0.3513225267899324	0.00739135921052427	0.0024154441412531412	0.012972101801520705
spot_14	0.012163412680434837	0.1533130776335358	0.16838953302405513	0.004601099009180865	0.00980307587783156	0.03953429780311468	0.10547607126971173	0.48479627650667173	0.0015158149580195121	0.005442322217137088	0.014965019020307072
spot_15	0.005949903888520165	0.17992206992022297	0.12464575987171637	0.4259300583870161	0.03259078081541377	0.050714798053469165	0.001258396474742393	0.08354261019550102	0.08538145354166124	0.002373337675377903	0.007690831176358913
spot_16	0.2061917074555785	0.23679167226584755	0.11944519868096536	0.004742756395897678	0.2238999190190936	0.15011434291865305	0.017554223495992567	0.009222516142293795	0.006254056672986815	0.0039652085880977975	0.02181839836459339
spot_17	0.06931185345282571	0.18115911471872478	0.14095416695521643	0.032003610548354225	0.10437188174786409	0.28904914397296755	0.0011793315389199454	0.010334866915030636	0.038846498156037176	0.11380411509622235	0.018985416897837067
spot_18	0.013468971233443908	0.11148933065626183	0.09408415683668858	0.004354047240505908	0.23060393573257795	0.10271461172814952	0.0034678038695382567	0.4254252331474241	0.005753160710776974	0.0019510676830180485	0.006687681161614816
spot_19	0.06796507079728267	0.14996129207626957	0.14319752892876855	0.02449594835303625	0.1541207957532318	0.4205895230167798	0.0012730062960029014	0.010607177428957781	0.006931935568698847	0.0037077825444560477	0.01714993923651588
spot_20	0.052879449189874986	0.09677707817079768	0.0382064182765292	0.005458376509692225	0.38844596888627964	0.32675666719836166	0.056664573667251986	0.005705670923072116	0.020534932150933143	0.0037375770444399467	0.004833287982767613
spot_21	0.0064789042664538865	0.14793815259776266	0.1295898873697111	0.21179944829805294	0.07156349090847783	0.39752846983753126	0.0010815699482837088	0.00877439932221884	0.004208629929005884	0.00297594443326969	0.018061103089232162
spot_22	0.00500122598513305	0.2133300574414297	0.13591297494770363	0.004221558345381028	0.34944844804436487	0.2715431130423085	0.0010517215184880423	0.004906367708390321	0.008497005119293062	0.0021369740518230682	0.0039505537956846986
spot_23	0.006361519718357091	0.25569422119617	0.08516662281574078	0.3545448612381832	0.08664342481400528	0.1946399587127908	0.0011763433423434128	0.00644714994247477	0.004910040324682102	0.0026995301981058567	0.001716327697146778
spot_24	0.007520386805999486	0.20116658746774196	0.13788836332559137	0.015365035617781601	0.36137242836527683	0.1259208962852384	0.0013726311176539656	0.014586088050712103	0.041637536287378436	0.027430144214917875	0.065739902461708
spot_25	0.08263306248514543	0.09864389336981104	0.13139885414937133	0.004921262109807902	0.026343767456139703	0.384075508088891	0.0016838913514351116	0.1531198883752355	0.0033423922098002735	0.10236095508463634	0.011476525319726288
spot_26	0.11241307227854568	0.11871299425532453	0.1034074764562948	0.019196552191116874	0.020676165275544535	0.36049217758739266	0.001776075872826644	0.17125143620521652	0.07203234067332061	0.002893586107611535	0.017148123096805527
spot_27	0.009247727171722382	0.27800383144484425	0.21869846493821174	0.008699722628697202	0.034710507279712186	0.31695977012368315	0.0017530855690067694	0.010148882952088248	0.09957012491331325	0.003520126140078866	0.018687756838641937
spot_28	0.005499551403965965	0.1335832438706977	0.1658974364566948	0.004645308535033715	0.34847448551270593	0.22313634689184467	0.0011344690504153808	0.08338037270198091	0.008925752381666622	0.002312679063416589	0.02301035413157775
spot_29	0.005766614857181303	0.2131298731673438	0.14421084761760036	0.006899442429665496	0.3176217544629605	0.09432687728651451	0.07301523878459722	0.006914173589820811	0.12128899836851967	0.004517983868341049	0.012308195567455174
spot_30	0.14066684754502704	0.052027193449472674	0.05369033785129693	0.0042645388611781505	0.02271617150840553	0.06633232345211872	0.0036372701400013414	0.49440573247519254	0.0019624898404582516	0.1363893774864434	0.02390771739040546
spot_31	0.05603144122855374	0.2409523698042393	0.16819851330277258	0.0034731758499782265	0.006670199419265016	0.03277932142347223	0.0024281985900967288	0.38709313773638815	0.0013558007908902575	0.09274297466434431	0.008274867189999448
spot_32	0.006662485614419392	0.31926954372917843	0.22154454360734582	0.004344119456444323	0.3270937932001818	0.09201244096254484	0.0013761102241314838	0.006755710531108056	0.008439321098945768	0.0027476047037022036	0.009754326871997895
spot_33	0.10453984028509908	0.0546844067147051	0.028961678048541984	0.24388401874956356	0.2647700058207263	0.02265743078117566	0.00043182854326577935	0.004062325555640828	0.1525225797599333	0.11691821833079816	0.006567667410550194
spot_34	0.015995017137581398	0.14303751529254172	0.1221336193404141	0.03429483557806915	0.09309736435586083	0.25523477701957564	0.0037310288009132675	0.2898842179617398	0.021945048340716675	0.0022082258804193007	0.01843835029216798
spot_35	0.007233487830134919	0.18000295999382898	0.11757442120378585	0.029715472102693437	0.29375162193405785	0.09788794713966664	0.0018896236040858315	0.23577055860476184	0.028127079696372334	0.0021158312104151825	0.005930996680197115
spot_36	0.018068593595387122	0.2902804864636142	0.19908166338040925	0.00483350185202111	0.039633504735470164	0.35841056780984243	0.016006206259337304	0.006326479472470774	0.003322833386618869	0.05447388358977589	0.009562279455052815
spot_37	0.012776139187809	0.14090893075017977	0.11375531464481746	0.0807755346044938	0.13163467085410213	0.1987159099849897	0.003052995432432671	0.26625734724595446	0.004584739946201625	0.0024044972278982413	0.04513392012112118
spot_38	0.0065542493650585934	0.11424267062520987	0.06226545018029389	0.3899479529806945	0.2918260690680995	0.0661762725047608	0.0008927554229685605	0.005096981112372417	0.008604401142532633	0.05115432625499268	0.003238871343016565
spot_39	0.09824136935786595	0.16007758461074137	0.10982425068251826	0.004912027959524178	0.014423286057635471	0.49145864984372933	0.08779096512795086	0.007726408999260844	0.009468228425657706	0.005313709797873747	0.010763519137242307
spot_40	0.03469807817001025	0.19375754011133667	0.12100869516908108	0.00808085290947666	0.17804256455079182	0.23120279062370303	0.026745582921186808	0.10844413786388156	0.08492990765334578	0.003980830282095744	0.009109019745090706
spot_41	0.00256927813826732	0.1041935265559557	0.04343190367855355	0.23522943696371887	0.14110407662283925	0.3310150323254843	0.00046802032184421586	0.003433942519562492	0.1352272221395742	0.0013265143394035068	0.0020010463947966227
spot_42	0.006598290680222271	0.09025586394698304	0.06819124390617956	0.28561070304236075	0.21411808452828385	0.2589854600365483	0.0008550483078257475	0.006944113061638275	0.01542843089024839	0.046854901949107464	0.0061578596506024035
spot_43	0.031067136286334923	0.19482785540151454	0.059093007940561104	0.08594870665479992	0.047400470066688974	0.23060871385103082	0.0012601409740627806	0.10716583403849757	0.0040628922906847005	0.23064386584938865	0.007921376646436083
spot_44	0.1117798551784751	0.224545272267676	0.20340917916773035	0.0036209332647893387	0.09730106289998093	0.016427348530581014	0.002231521986053644	0.3204346568137461	0.003183043668702638	0.002954885372741301	0.014112240849523571
spot_45	0.1950346390869384	0.09809822865797847	0.08224612140657525	0.004311219603228711	0.3593561768959447	0.19961365561562247	0.0009199422357966057	0.016414595807979732	0.008967535456151204	0.02828157253179173	0.00675631270199268
spot_46	0.16407127681175068	0.28747731493368056	0.18725698140590272	0.024762040689167434	0.03847410708013226	0.1750758587838974	0.014441832021430808	0.005684479604511497	0.0023700963709617365	0.09045859077953049	0.009927421519034337
spot_47	0.020492186998945564	0.12730680546023956	0.10696258027491432	0.02081827181712462	0.32920485519500325	0.05600815616545139	0.0043512637523727745	0.3161517676191865	0.007919693754315092	0.002404051096864773	0.008380367865582192
spot_48	0.21278727043940507	0.1623315959200811	0.14779102244400544	0.008354281857006792	0.03924992321926288	0.1518745085473005	0.009207383747735777	0.007000873860406509	0.2474668574770208	0.0034357146971408597	0.010500567790634388
spot_49	0.005197790570243975	0.23550814814197726	0.16170489725961598	0.2547834293654008	0.09499677703387152	0.1818671094417146	0.000917797341841465	0.006535058664087235	0.04542719627307363	0.002624536386271099	0.010437259521902408
spot_50	0.100909411981588	0.236762217273187	0.15659010992657055	0.017985421651016357	0.02403903463577461	0.401622993932285	0.0012758273100808874	0.010841324220480958	0.029320918813848334	0.0037397843986818873	0.016912955856486316
spot_51	0.011339219831855568	0.1529627241026562	0.11863436816577577	0.009244816396275413	0.02524701779795273	0.4811710096316904	0.015022255509874363	0.009563670497897426	0.004096679676502984	0.16008576143023195	0.012632476959287242
spot_52	0.08744542596638007	0.11828272404889854	0.08699022466090305	0.3934236854013763	0.2534457645230811	0.042086936829741496	0.000692712316445282	0.005009765904498352	0.006772878617108159	0.002195823980766063	0.0036540577508012003
spot_53	0.0893984174309598	0.11030845765297004	0.08642523922474098	0.047748313011936785	0.4695847042113272	0.11754736730594981	0.0011484658778260154	0.04161441786199429	0.022552162645564436	0.0030551269767166945	0.010617327800013896
spot_54	0.007536960907509478	0.1344365332228489	0.06244192014417953	0.14807128340870876	0.04533294599157791	0.47772035350069936	0.0013665137982316418	0.014055052029310995	0.062460828276884615	0.003678810991564392	0.04289879772848441
spot_55	0.09194012423027954	0.1464380048941638	0.08621569805775106	0.004494324403825876	0.010427972194931268	0.4006093668589945	0.0017460974753176258	0.23231055263853198	0.001688352388761526	0.0024054643231697826	0.02172404253427287
spot_56	0.023110328514744226	0.17978887689511203	0.15086442283489288	0.004302299295998963	0.18856731056883635	0.2063864595734319	0.0017152580496947584	0.22783047168865503	0.0056571038015611735	0.00238174713317377	0.009395721643899091
spot_57	0.09609102823264397	0.13277393822877448	0.11082801756214175	0.014880447309787208	0.39662773328620154	0.160384025106549	0.0011435974004088882	0.00833946397319721	0.020568958350190285	0.0452204293363717	0.01314236121373394
spot_58	0.005213902920051153	0.1894004137853571	0.10011181946245536	0.0870717471245171	0.015205703655936677	0.5016244992672404	0.00117014448468522	0.014576786633050894	0.014239525138950276	0.0029118832392099527	0.06847357428854582
spot_59	0.008738224978490245	0.08068306873031181	0.028860725927818687	0.12672854998402255	0.29181672624602556	0.030171694729763433	0.0020817487840458534	0.2123892024451493	0.2139515998750617	0.0014508082279158976	0.0031276500713947972
spot_60	0.004579114734082313	0.14183124135611064	0.08710975905917914	0.00803102678305992	0.2718857841005537	0.3382627324310673	0.0009936463833084054	0.008914095610942798	0.10938141972121647	0.0023743101840969076	0.026636869636382465
spot_61	0.005895286935560755	0.32237904134095563	0.13265292425143746	0.45669985862298856	0.012143199727470447	0.03134028332253213	0.001084161960470624	0.005416202551837047	0.026889227551285488	0.0023995852573633148	0.0031002284780986657
spot_62	0.010570810430948896	0.2014449488633662	0.066889205018806	0.429308410472879	0.010531050964663259	0.030079429611726424	0.0010941495634484398	0.07602498536052436	0.002854717065102136	0.1647939950592897	0.0064082975892456465
spot_63	0.0796939327119627	0.09256643207644032	0.07059537447092228	0.008392734161644086	0.3177285379285462	0.1135010298021414	0.012660683723777943	0.28967538683639493	0.0084325781112899	0.002348534239183309	0.004404775937696966
spot_64	0.10797923683761702	0.15960573639528428	0.08914286537826016	0.004868553964704025	0.19339194256846562	0.03234985322440123	0.0023627920365031545	0.3493402414856116	0.05219680745992036	0.002372513771721928	0.006389456877510586
spot_65	0.0651658030066446	0.2551190540173074	0.16227569324648894	0.007098761347664347	0.02903355485994843	0.3946127809618706	0.016310339501810246	0.012996351540787661	0.017685272071483356	0.004413539802201335	0.035288849643793085
spot_66	0.0177668162651425	0.16202757484500413	0.11265462902816423	0.005777644919841725	0.3514655784959377	0.257432308521844	0.001039763871270396	0.048998943590238576	0.030152072562953283	0.002324721188415027	0.010359946711188284
spot_67	0.007853596941489079	0.17315980956679272	0.1487432516711298	0.0061175359954746085	0.3103675426604168	0.2754999750735938	0.051619392690417154	0.007462698462552624	0.009395674246814784	0.004287164908244896	0.005493357783073769
spot_68	0.06892893257005432	0.1565789877315336	0.07603858906972925	0.009024041531081788	0.16106990600591092	0.38608695453047126	0.0010886117339699818	0.010127670376145374	0.12484254080408932	0.0033036993029891145	0.0029100663440251705
spot_69	0.009053585636820847	0.13955578882868086	0.062128494868347414	0.005899472630558531	0.020850077022017067	0.3451071361452303	0.017553481525296857	0.38480272702775076	0.010444024535455924	0.002967901745580446	0.001637310034261056
spot_70	0.004237911496025106	0.29271409512698326	0.09968220241520517	0.012705028424222694	0.017180315279147425	0.48785508107199055	0.0009537255272566699	0.0057563117658900155	0.06114366428020896	0.0019160864000991229	0.015855578212971046
spot_71	0.03598878019857787	0.2062201783728468	0.13616623197569994	0.005088360742289455	0.01663780980291587	0.30546506497736187	0.0012965635220831624	0.008722821696260756	0.003713312536460871	0.2611045134816944	0.019596362693808923
spot_72	0.022869114943227842	0.18696530819057386	0.10343282125436201	0.08885614842794742	0.1913329315418924	0.2739729433327945	0.05208580661845241	0.005456850229522583	0.06718329515254058	0.003703655874226045	0.0041411244344605495
spot_73	0.007699324781977977	0.1204125689382494	0.11831811887320874	0.07099027198707804	0.052654932233512725	0.2559066810370587	0.0019789827592938216	0.29051206519758294	0.07055964792462541	0.002571689066929648	0.008395717200482584
spot_74	0.00544406204368537	0.3170678380887643	0.14719279183165532	0.004718682873332865	0.01807894892560217	0.4613470804092899	0.001251236388320213	0.02184658259913689	0.00924269519474492	0.002725552405090423	0.011084529240377712
spot_75	0.00814602691760206	0.1318369268405127	0.08507757687389131	0.4340858494527025	0.008500171707307106	0.023253244851746305	0.0014793580799524377	0.2270159135952666	0.0022315336001468337	0.0710525177445935	0.007320880336278549
spot_76	0.1655793421514812	0.2631392365524544	0.21677924912743216	0.004744529470503132	0.05866660349421996	0.21717300156747424	0.0015468491222349326	0.03264079936327956	0.0034144147406242444	0.026519748032937298	0.009796226377358809
spot_77	0.034831334459844314	0.23120848006157388	0.22811171944074882	0.02086833039002719	0.1322662207960146	0.26205770149189084	0.0013088546107494219	0.04395271865222334	0.019367955486995502	0.002829408626686119	0.023197275983246026
spot_78	0.10712260667076734	0.13809770965435322	0.05989070009197474	0.01732330073919073	0.28520729482381235	0.35263414146273453	0.0013408443487613513	0.010292406982460058	0.022406481337304555	0.0034842698409773853	0.002200244047663702
spot_79	0.008303657200506142	0.1759375436111154	0.132691055359737	0.004675476270586113	0.35255434007664277	0.06422950781212335	0.0021907715358714932	0.2381852891186196	0.008711218898426744	0.0023174876506391836	0.010203652465732375
spot_80	0.0041409048881032185	0.12066602533670072	0.07828075739461482	0.45715554042807394	0.1993825954305675	0.12350748687966305	0.0007709663285701868	0.004935951511291264	0.006507212688970821	0.0018459218800294926	0.002806637233414714
spot_81	0.04806753607484182	0.12011257321440144	0.05562168175755446	0.07842739438418313	0.20543372239943228	0.10931618216334874	0.0018095739933637995	0.271041964665196	0.006274889814045239	0.09888946210204441	0.005005019431588806
spot_82	0.09929365690314657	0.13205038557978901	0.10951326874005667	0.29288092891130446	0.08393019685827662	0.1440039044958055	0.0011948313034907286	0.016792798062089824	0.004723179845755034	0.034711832263516436	0.08090501703676915
spot_83	0.05284460714083395	0.07875550482809279	0.06468670954479859	0.007132419134900801	0.1523419953922359	0.5416527348446653	0.0009520131776142494	0.010466532761264847	0.07282485833327923	0.002706019405305151	0.015636605437009257
spot_84	0.02015120800376949	0.09186572165198272	0.05638388220475874	0.05872737286089829	0.43496193827301677	0.11329395971616366	0.0016896231704103136	0.20811298096309713	0.010604120649320236	0.0021348515485128993	0.0020743409580696614
spot_85	0.236562755180093	0.15257518161930617	0.17428817011480185	0.004325329972710146	0.011079911405077317	0.26013232156799154	0.0016192425017201772	0.08073911540960009	0.0023596339558393793	0.06194593636910142	0.014372401903758955
spot_86	0.031311446248550624	0.24124359881901203	0.16485322532961355	0.021302985416554152	0.09407976228476626	0.18897353609127274	0.0025116894119205676	0.18433691374185898	0.004118508117037679	0.030954547486239912	0.03631378705317356
spot_87	0.0085275821787988	0.26910382189375376	0.20454737242748733	0.007066483756304435	0.018066110594791147	0.3482810782260081	0.01366035747127956	0.014121857671539582	0.02033113109619387	0.036060785519063214	0.060233419164780096
spot_88	0.04040684383311676	0.1922996094631188	0.13954007916237968	0.10053440295364999	0.00900654822100393	0.24063723914642984	0.0021720331969961627	0.20189685104523097	0.001834126160715288	0.0663309111964495	0.0053413556209091
spot_89	0.003907271900971137	0.1837937636449031	0.1817716567336652	0.02963012682800311	0.33721001517025545	0.20322454560540973	0.0009623206945843797	0.005691801026824967	0.045263560879617686	0.002032992586109119	0.006511944929656131
spot_90	0.01006040689304114	0.19698119788026833	0.16197597096255162	0.009202445058547677	0.08744213641080364	0.21229504814555616	0.0009932338736200258	0.007196604635676317	0.21226267630070553	0.09053660242392979	0.011053677415299754
spot_91	0.07388253591287938	0.11294981650116284	0.0945562942950052	0.006271357486446292	0.43171373526243595	0.19331488014974574	0.0009764861734959638	0.011099783475997488	0.027121711135162423	0.0028306051851265247	0.04528279442254216
spot_92	0.008076529472894424	0.21315172150979927	0.0809279659202961	0.012592061439675558	0.08776286416399423	0.3602506133832647	0.010309362703200988	0.0206809161544601	0.11150702590372338	0.004521152224032723	0.0902197871246586
spot_93	0.02005022377576595	0.08427834517267727	0.04417186749910164	0.014949234297355486	0.2243992045610132	0.16171660849737493	0.010865631200406586	0.2937480798843778	0.1404273814583356	0.002276286389191754	0.003117137264399841
spot_94	0.010784317312639919	0.17922892266145624	0.12199790693614808	0.00698214590959025	0.02519077979598594	0.4746436821295732	0.15011381680434005	0.008977496578936444	0.011013172514823574	0.007567753339513195	0.0035000060169931286
spot_95	0.04937636718304354	0.1608908273122474	0.14392361920522295	0.003931538664929297	0.1432001726774611	0.32411762565023033	0.001273467960094956	0.13269172911119526	0.004316669070623628	0.02949317025643477	0.006784812908516757
spot_96	0.006611393553626055	0.24692526797861827	0.15755370928822382	0.09994659641449129	0.30960114278205747	0.041392878289018144	0.10342353177631423	0.006032751400503302	0.015018229457862084	0.005358842410980658	0.008135656648304696
spot_97	0.009141463391459891	0.22133259848724518	0.1256848679468454	0.018706577665208363	0.08252875957842343	0.4870364022391604	0.001560191735982871	0.009763009438661473	0.026378692013396824	0.0034709657946758897	0.0143964717089403
spot_98	0.07699828853006925	0.2832301636148848	0.16601170651362443	0.0041387565072173275	0.4139910560755807	0.02910879996804397	0.0012235173791457778	0.006265943149746434	0.009687571227101987	0.0029251888248054128	0.006419008209780053
spot_99	0.07928805775685589	0.15473924181224366	0.10048294282632327	0.006321619806685437	0.3048160139827641	0.24175146795760222	0.002344994949997216	0.0707698090932113	0.030319983122437007	0.00307666302755112	0.006089205664328599
spot_100	0.011316868760674424	0.16816397122492382	0.09962632377635444	0.006602573244609695	0.037747146641613674	0.4039058197577205	0.18845298730534132	0.009189709670077048	0.003978306301811232	0.05857561258731772	0.01244068072955632
spot_101	0.026603149828129245	0.13733540056845417	0.13527430614558328	0.00865892296283834	0.1649996228364265	0.19858687928600885	0.0020840740520169116	0.18737001480478352	0.022678312804618093	0.02494304867158227	0.09146626803955889
spot_102	0.0307170612999307	0.1891151510671575	0.12020030054140489	0.006766450871459945	0.42203689394112054	0.18657495055367462	0.00144324210992535	0.008137381911958019	0.025707350076971527	0.0032701603854200126	0.0060310572409769826
spot_103	0.008278766277682844	0.20667920286611435	0.09288910204326489	0.30778967568442567	0.06602650738064735	0.24826058996431302	0.0014510715786484748	0.03988734442450652	0.02194250533432733	0.0032401002683050354	0.003555134177764589
spot_104	0.005778126550921854	0.1231648973705437	0.08749740221226386	0.005354841984122243	0.36994678365295675	0.27353677978454444	0.08625929606134361	0.008086518813784608	0.021240162764741388	0.004927619137763821	0.014207571667013686
spot_105	0.011511831945132476	0.07750025166840205	0.04844308011308738	0.07186017536254545	0.13696063920676368	0.046472722852326884	0.003300234700247219	0.572235247072574	0.0090861826770795	0.01927577433497158	0.0033538600668697968
spot_106	0.007270217378660636	0.15152185923763858	0.06252521488035084	0.006146674713910111	0.4037510076643943	0.2405232435107608	0.0015533194394134813	0.10974395289439218	0.01083435440594783	0.002927472269228903	0.003202683605302356
spot_107	0.017735535512389745	0.13784552235335135	0.10109074119965462	0.3052129892253544	0.09818596539462968	0.16333038257913152	0.0035206016530418475	0.14083405636618085	0.008763686755869807	0.002214992466370266	0.021265526494025976
spot_108	0.004603332426852511	0.2312298280831503	0.11537686669444253	0.2671810693738414	0.3248231604272567	0.03347112206654325	0.0009304541303036597	0.005240563697017193	0.008501116962453516	0.0022995836768429203	0.006342902461295879
spot_109	0.004319478071278465	0.19037147451302744	0.15986809715835112	0.00575698696015939	0.1804042573238919	0.3773187703508561	0.0009546439525677311	0.007612215043774523	0.05159539890823821	0.0022068557274076443	0.019591821990447403
spot_110	0.041985593190001835	0.08353876264741776	0.03416013831542698	0.1793522514366997	0.12997360565242325	0.2825245345518616	0.0019901557915818716	0.14764321869408029	0.009663937932612417	0.08487120675123828	0.004296595036656115
spot_111	0.036104652177612065	0.16498602561083056	0.1525330339648167	0.05344808530428979	0.14692216669944805	0.30418041822387315	0.0015771574498578862	0.01673188623764149	0.04870588237511899	0.0036907008762694965	0.07111999108024171
spot_112	0.021892427348958802	0.2037183322675361	0.12309989217013287	0.06240623138692461	0.02146943424589104	0.2705810528533027	0.0021008126119018487	0.18316971160908582	0.02070304254033907	0.003508238669878446	0.08735082429604868
spot_113	0.019675441271164527	0.12394095132155447	0.14386305223492407	0.2508281275638571	0.27948299421485173	0.03177222947891846	0.0008823919261065074	0.006138526067597317	0.03374205810746932	0.09726470998123848	0.01240951783231793
spot_114	0.008469683096379917	0.11895398719093271	0.06106205134493084	0.13502177549643504	0.12926416967313897	0.39545337251537244	0.00105345368574877	0.011691718140739693	0.005841104737370743	0.10385840888356511	0.029330275235385724
spot_115	0.034342774464942404	0.1820268780055721	0.12603705529882664	0.00566723892196379	0.4439671632167086	0.08311222368151779	0.0009294833675214646	0.006146691104336235	0.05358192594560335	0.054338519702505125	0.009850046290502594
spot_116	0.17162097562380824	0.1887891086929107	0.12517426074900737	0.02618412760665554	0.01265786820415683	0.30213624936873057	0.001665714527176832	0.15409511035087017	0.002330054401318547	0.00346011850980403	0.01188641196556127
spot_117	0.07528689309294219	0.13498666796172806	0.04635487567815223	0.1365814493949051	0.015519420638805924	0.2979352135000778	0.0019885746705270357	0.2704221290424384	0.011050138348871879	0.0025769382083424917	0.007297699463208986
spot_118	0.007492649749404571	0.1964166900977151	0.08428572393076793	0.03994478817024133	0.14338084868480974	0.36319653801886054	0.001713464264194468	0.12247998537255639	0.005636298258397794	0.003175773810754444	0.03227723964229784
spot_119	0.007681776482119332	0.10574714914198703	0.1008906611506793	0.00804285302619794	0.28728190168440965	0.4514674106804139	0.001248867735701525	0.008634303086419855	0.019586130968961772	0.003182782035260976	0.0062361640078486625
spot_120	0.07044684299883155	0.12500206638677838	0.08633953282840696	0.005709788810411386	0.018575772642474103	0.5218687049033023	0.0016504333781863297	0.044122666629269156	0.009509614178445614	0.10916296885154204	0.007611608392352111
spot_121	0.00885290517439935	0.2989137255780947	0.22355797970639127	0.026472238711846417	0.013648907161327821	0.39859654114623677	0.0015367003444527088	0.008626252593705221	0.002478153805959585	0.0033195362813192575	0.013997059496267016
spot_122	0.006827205150360879	0.12689365136190997	0.06067590304381212	0.006152258162449199	0.18009781558282506	0.4509619399932431	0.12846357492575172	0.00978402062355849	0.014020775055284209	0.006360058484853999	0.009762797615951242
spot_123	0.1490236426712719	0.16118042699766455	0.10055610011029543	0.24384776436002095	0.015338590327266517	0.3026252104568384	0.0010151198804257985	0.006715859130755858	0.011884640289129325	0.00312860255446346	0.00468404322186778
spot_124	0.05835630233325704	0.24368112494144067	0.15672014088695352	0.01500260345386228	0.307115107806551	0.19146834906618604	0.0010126778383654923	0.004031923349700473	0.016688384752376773	0.001992997314483276	0.003930388256823567
spot_125	0.07465266731111281	0.07950648052412526	0.05789359392549503	0.007877450397633592	0.20102476324912627	0.29068913539670954	0.04789581264748775	0.07604314028461893	0.1282700452602511	0.0036604123523447467	0.032486498651095076
spot_126	0.02261057258525809	0.13741821346236197	0.07689775137245422	0.005280065430693426	0.08816192623399702	0.13657008199787868	0.00354718800905644	0.5198573007345502	0.0036327256560026826	0.0024002303565494976	0.003623944161197846
spot_127	0.006747343566074045	0.13662274304239422	0.1071190795616664	0.015432044085218295	0.055775693887557286	0.43878401838822195	0.0017779784076612925	0.22431711646940047	0.002814201973155482	0.0022086312020318305	0.008401149416618828
spot_128	0.003850698417486496	0.10848932167949948	0.0891275126323747	0.44828153402571164	0.29797178150389325	0.031066139631356352	0.0006822763806510733	0.004843121008032146	0.008574267396424745	0.001658958791998315	0.005454388532571866
spot_129	0.0593573798221631	0.21735059379084776	0.07195787504223916	0.00681292579771279	0.44440190691309583	0.03934207053974574	0.0009021219168945354	0.005247074023573724	0.14234211789211293	0.002080091269548066	0.010205842992066404
spot_130	0.016954648793938057	0.20536569765748056	0.10871427976124089	0.009779092085083988	0.12860500409717449	0.22866013546241098	0.0009182449979535513	0.00531930629152346	0.2884006018780257	0.0021893300631011577	0.00509365891206716
spot_131	0.027441130519672854	0.08931667184198049	0.04852661862824531	0.019577187519531	0.22168527417152475	0.27639081661204207	0.0020289439629278465	0.12180826707392058	0.008315773357778437	0.17808609564103803	0.006823220671338866
spot_132	0.00430400142399743	0.14584932973095824	0.07631831396440308	0.051531970306225104	0.4607456597653326	0.15629213864911765	0.0008577032398680967	0.01756654843881723	0.08066616412590183	0.0020090504429067808	0.003859119912471892
spot_133	0.006273253929076676	0.2283321930939268	0.10453196233132335	0.01817409644509025	0.3075011271585349	0.3055418953671821	0.0012451978742865164	0.006979825644589625	0.013382834849887887	0.0026612599278893075	0.005376353378212635
spot_134	0.005523648996178674	0.17541135439782968	0.14036009406228273	0.01937028627888141	0.3846448500296532	0.03204005757982361	0.09523413943839931	0.005117195554217838	0.1302903258690699	0.004674306980404523	0.007333740813259089
spot_135	0.007240193767384819	0.1783394380546568	0.13840314671719053	0.007272446017048651	0.26241554113109195	0.25137186928429345	0.016048435597081915	0.06401890273792052	0.02557227534931161	0.0034654852556256794	0.045852266088394024
spot_136	0.09336122280429515	0.09009442778099389	0.05220678316728102	0.18390765662297065	0.04081993075193166	0.11618519931466596	0.0027307618423485546	0.36795844680899736	0.003706501315968538	0.03652170468410533	0.012507364906441781
spot_137	0.019278005252005324	0.08209080420133735	0.04947489261251281	0.16622177249526715	0.15660917814494674	0.2744706644466429	0.0011106332698917758	0.12972183826337888	0.06770785925410122	0.050065574014357496	0.0032487780455584003
spot_138	0.005115032327261693	0.11341865529495508	0.10400341387794525	0.0050435962862208856	0.48870948202863057	0.16965458272609185	0.0007284379979135673	0.005390308045489034	0.05214561805872519	0.04385584589505889	0.011935027461707855
spot_139	0.006533578108942561	0.15429767157143587	0.1358265856186345	0.017270738128593338	0.37146844792698885	0.26326989816160534	0.0011894830678971923	0.007115785663171512	0.03438935950005082	0.0028059546886020684	0.005832497564077843
spot_140	0.0312978877539496	0.14293528593743363	0.08584165816804093	0.12759055192352098	0.30471387830968755	0.11311272253986944	0.012803531426724126	0.16725737166576132	0.008216166995084775	0.002694624611049868	0.0035363206688777573
spot_141	0.07281005191777706	0.20150392735319156	0.13418833276237363	0.006283723242974774	0.07679585099266382	0.4388262768830047	0.0014408693778811005	0.04984205796170204	0.004557439492370541	0.003432727245223147	0.010318742770837637
spot_142	0.13849071530380838	0.2115459099702921	0.11350314211045522	0.2767837974620037	0.012572576772889086	0.22763222869285654	0.001194390010019096	0.00721598823386496	0.0024785538674484803	0.0031783053966608957	0.00540439217970146
spot_143	0.006833362359700883	0.1680295280395532	0.10447218757545972	0.018137714434892104	0.16964955134349036	0.35601616740495545	0.001323025200370353	0.052218767928645535	0.10931222377751386	0.0026095857064091866	0.011397886229009327
spot_144	0.08247135597648732	0.1385203423395988	0.06958326592250666	0.01865341524991758	0.3624868033849889	0.074645694956742	0.0017086441292828507	0.20640940328278953	0.011128705397540456	0.002592216843886558	0.03180015251625929
spot_145	0.04790309878055832	0.21706292490993542	0.11223342443952711	0.19653268518338163	0.3085313557402353	0.0820918020959272	0.0012095172701489972	0.006295628593029123	0.01805990107241936	0.002425251982612907	0.007654409932224546
spot_146	0.004406872128116456	0.10891268506194453	0.09847425564702417	0.18723780572781498	0.40158378990363897	0.12575728392201763	0.0009317757051262226	0.011043928256879927	0.014056142052463338	0.0025938724644168744	0.04500158913055696
spot_147	0.013982800319171025	0.22511720687272466	0.10523408470837814	0.0038915704791288065	0.032052079318207034	0.01503218618379897	0.0024255549240580028	0.40502922895503035	0.026919621590879524	0.16120867161144772	0.009106995037175745
spot_148	0.11211102373364759	0.1506531705963469	0.11693259654107802	0.008937569572606083	0.03196965372615106	0.2581088701501323	0.12228533013370435	0.021669974862576893	0.14165049069407173	0.007052928222027078	0.028628391767657947
spot_149	0.00535985101523743	0.14827386825717825	0.1314496872088013	0.27776653716280414	0.04811029434260895	0.23459165428420806	0.00974517301452664	0.024152668885615344	0.09949804273621697	0.0029517833088804056	0.0181004397839225
spot_150	0.08536665427800036	0.2074078265809026	0.10421005770166376	0.005161925111978505	0.06762222592699468	0.48453463888845916	0.021930866853667467	0.007171958937240831	0.0033624220636286443	0.0036602491479806676	0.009571174509483334
spot_151	0.004999824143207159	0.10443313529071342	0.041860382884337896	0.10687034552748385	0.24286079365113036	0.36148072496543304	0.0011290281569541357	0.07241126054643618	0.05681302783437361	0.0022506721729478084	0.004890804826982408
spot_152	0.03651612031462721	0.13513057650769283	0.08643498328829013	0.3401322573363564	0.024973004776245127	0.3202368285706961	0.0011588174903789808	0.0107494727195981	0.004566566071389795	0.017157402235716816	0.022943970689008653
spot_153	0.014700363683844673	0.1873328354913223	0.09260927742708937	0.025174791824170942	0.3393828606302166	0.16115325919207377	0.0015389031184523934	0.16522165879225084	0.008192423370722879	0.0018697225721875472	0.0028239038976685905
spot_154	0.05802248718679098	0.06482886683553431	0.06633190606914106	0.006259589437225484	0.026547113667833487	0.26157331412935114	0.0021093267206376783	0.39391123639579423	0.10615762141297419	0.001928328674957653	0.012330209469759714
spot_155	0.03092451498481081	0.15453866689169807	0.0967729033243134	0.18636448068075093	0.26300897776677945	0.1121282485588918	0.0025124647869545005	0.11602003547374992	0.0314571016784426	0.0018152456248294061	0.004457360228779196
spot_156	0.0070414146046724356	0.11558115049628527	0.11647531384678207	0.008180710313075054	0.09336007011293367	0.26934272455096814	0.0020500836415969508	0.24833294860463845	0.06988190482511467	0.002741112456082657	0.06701256654785065
spot_157	0.007208778236886134	0.25553929548207927	0.28676556476458553	0.00450797345865961	0.33888021179150507	0.03973812489889463	0.0012312002196942522	0.007934241992271567	0.034379190985550534	0.0030067418673729953	0.020808676302500512
spot_158	0.006055866300370364	0.07051061030498147	0.061553382937099	0.006179128914901843	0.3385681923680985	0.1008711069025196	0.0017656753077540802	0.287974204196813	0.12066432315796055	0.0016926487182317383	0.004164860891269822
spot_159	0.013994340420997025	0.13125619896081744	0.12009652245425469	0.005963747202467619	0.023626733410120605	0.4479024881897512	0.003179579635371076	0.2229871095206201	0.0030384876408195427	0.0027958190397028397	0.025158973525077833
spot_160	0.012320652079470997	0.1453170721623123	0.14998349202725406	0.008690207544180402	0.019882994986414555	0.21644076417371505	0.0023214241940895247	0.28510537075223025	0.004001713001696119	0.12259745216166196	0.03333885691697469
spot_161	0.06203289318547328	0.41126131273810296	0.3322105347451873	0.004482144138516041	0.01154423123423952	0.11988746851966367	0.0016605564183555896	0.007008039803392584	0.03498367827853205	0.003210304684894746	0.011718836253642272
spot_162	0.02321284156072343	0.25004086764748473	0.12411456846849536	0.0046747961621445904	0.15266941502414183	0.26904227422576876	0.02358851290929359	0.13762448026292193	0.004987369689570877	0.003110356685764306	0.006934517363690692
spot_163	0.00640068300396764	0.14910990477298047	0.11915534484140221	0.005413214404242386	0.02198255539043966	0.5023152444226585	0.0017660571868460526	0.18116198267788874	0.0027850808087401062	0.0027594074246392085	0.007150525066194936
spot_164	0.07668803044623802	0.1138078187714478	0.043217152060958344	0.007003084563326185	0.13886788107101194	0.5501241111487013	0.0008886242816134424	0.007444628992676145	0.049509059481554804	0.002834622994546735	0.00961498618792528
spot_165	0.10951813154535771	0.1882474138777329	0.09414382656304851	0.005806257385451513	0.03852187711108098	0.4522002871583931	0.09196025893954508	0.007701624990730619	0.0033538302915982416	0.005872886197948819	0.0026736059391125177
spot_166	0.009204707820784466	0.10174360199462307	0.07644955375504604	0.004837303793650244	0.21903088010854013	0.4322354597783329	0.048412086928292776	0.006086042712040931	0.006689821280341081	0.08785327438405825	0.007457267444290262
spot_167	0.00554352674679596	0.15644593750732874	0.11564155680321922	0.014644214704258791	0.4687429937110105	0.19468645079580238	0.0010607585159354183	0.006234746985537969	0.02937189608261424	0.0023436322604801878	0.005284285887016661
spot_168	0.07383261361590814	0.13450578005046393	0.08044229020642643	0.009499842004540102	0.32360896687818536	0.021358658049543105	0.0006709072760515664	0.004363913653513715	0.3441279055654474	0.001846709416362846	0.005742413283557493
spot_169	0.046776878805529186	0.13755087625485946	0.1013824985602953	0.005504416447868199	0.3038591475710021	0.2760878241821562	0.0012648532421108468	0.0984366089500028	0.02104876969873172	0.0026297380960382407	0.005458388191406092
spot_170	0.0596023720908632	0.09647897629749448	0.061114569856886826	0.012678589084812996	0.24783759990734883	0.38131851014839613	0.07989381067820907	0.008600172507689657	0.042713274387248146	0.005119106490143317	0.004643018550907313
spot_171	0.06576347066387243	0.11027473921839774	0.08872372353453561	0.005720088040738204	0.5449490312155464	0.12720019738702598	0.0010430867557957493	0.029085761467939383	0.022340587589078937	0.002216356264862587	0.002682957862207008
