B	CD4Tconv	CD8Tex	Endothelial	Fibroblasts	Malignant	Mast	Mono.Macro	Myofibroblasts	Plasma	Tprolif
spot_1	0.0355153989915385	0.49337069138531	0.237581158521179	8.03891125165869e-05	0.227449824708614	8.03891125179997e-05	8.03891125133661e-05	0.00560059171364028	8.03891125179978e-05	8.03891171351254e-05	8.03891125180001e-05
spot_2	0.051688133046875	0.0804048471501651	5.77056118824555e-05	0.016201330503594	0.00487815949114865	0.610417010173419	5.77056118844108e-05	0.235996928085663	5.7705611897063e-05	5.77056122635806e-05	0.000182769101207603
spot_3	0.0269506794168342	0.250615771741124	0.132872099925689	9.15383096657768e-05	9.15383096867929e-05	0.405388904608326	9.15383096612624e-05	0.0641628744779704	0.119551978281378	9.15383099983441e-05	9.15383096657799e-05
spot_4	0.00846203448761326	0.221855187962574	6.0292397385116e-05	6.02923973851091e-05	0.1104710718902	0.639967986771412	6.02923974333063e-05	6.0292397384174e-05	6.02923973851006e-05	6.02923963774799e-05	0.01888196450485
spot_5	0.0671293606128938	0.122892424634016	0.000184552112294251	7.08097720353417e-05	0.152256324183102	0.565382554851509	7.08097720317131e-05	0.0798507524652538	7.08097720321731e-05	7.08097720860564e-05	0.0120207920527464
spot_6	0.0456276889668047	0.000126099198086587	0.0433888671348875	0.315126206854536	0.222643002049654	0.300782096661398	0.00177587930094772	0.0701518622392575	0.000126099197978997	0.000126099198361989	0.000126099198086589
spot_7	0.00364766798816077	0.0965901301101232	0.226649911320902	6.30969905158314e-05	6.30969906781875e-05	0.605258569519389	6.30969905119612e-05	0.0528674406250838	6.30969905124445e-05	0.00157180738360019	0.0131620850905222
spot_8	0.0173307677135176	0.142784879054203	0.000155234426593041	0.30250776678193	0.000155234426427847	0.533600035739518	0.000155234426454269	0.000155234426624273	0.000155234426596184	0.00284514415153915	0.000155234426596182
spot_9	0.0414654819668076	0.183159455329884	0.000143176767327036	0.0525373722281195	0.315475217470447	0.204663452081273	0.000143176767347748	0.201983137086547	0.000143176767326428	0.000143176767593731	0.000143176767326428
spot_10	0.00164995179288844	0.028910300389139	0.0799602289028991	0.153201096206478	0.648427344261294	3.05637825613823e-05	3.05637825621604e-05	3.0563782561356e-05	0.0729313050207031	6.31463932953515e-05	0.014764935685618
spot_11	0.0505021995731395	0.202478538909225	0.0276265106218617	0.000122396268746401	0.223708908821622	0.376806152723842	0.118265708004171	0.000122396268746403	0.0001223962687464	0.000122396271153483	0.000122396268746406
spot_12	0.198342595769707	0.446880032225502	0.00015559031629271	0.0029852147940968	0.1306680680432	0.000155590316290771	0.000155590316635605	0.0787998929648633	0.141546244620644	0.000155590316474845	0.000155590316292711
spot_13	7.95143462872191e-05	0.468519983266428	0.0212631223296271	0.0852982177115248	0.0489802819541905	0.00158356254060142	7.95143462876563e-05	0.365747516134171	0.00828925867852984	7.95143460649015e-05	7.95143462872209e-05
spot_14	5.52897457411728e-05	6.16431096483413e-05	0.301767489422812	5.52897457427351e-05	5.52897458174565e-05	0.0234826810660138	0.124400349821033	0.545862836429681	0.00414855142273982	5.52897450288359e-05	5.52897457411698e-05
spot_15	9.03887955929545e-05	0.181480861247996	0.159124906168628	0.500213595628079	0.00176610888771811	9.03887955928308e-05	9.03887953867136e-05	0.0715352413178539	0.0854273427722728	9.03887952875328e-05	9.0388795592952e-05
spot_16	0.156197877818897	0.218850194285558	0.151442556166976	0.000101241551446979	0.223851318936083	0.232809463159425	0.000101241551473329	0.00010124155144698	0.00685867067149361	0.000101241552884781	0.00958495275431493
spot_17	0.0758901708075273	0.134630915006866	0.264557070126988	0.00474424265270453	0.122679167729782	0.389929355116736	0.000234034319815734	0.000234034319952372	0.00023403431995199	0.0031957905521418	0.00367118504753345
spot_18	5.44946687519171e-05	5.44946687520989e-05	0.133890303100597	5.44946687516373e-05	0.275280670470253	0.183902362808902	5.44946689500886e-05	0.405530018177939	5.44946687514451e-05	5.44946677357177e-05	0.00106967743061601
spot_19	0.0280032387578631	9.47692143332599e-05	0.302845499816022	9.47692143332644e-05	0.12334730425333	0.539527176988292	9.47692143407399e-05	0.00174280309010854	9.476921433136e-05	9.47692142514646e-05	0.00406013102279435
spot_20	0.0249573430310055	0.0259585303618693	8.1939085936329e-05	8.19390859389455e-05	0.431925669809065	0.463032262079325	0.0503531796411083	8.193908593893e-05	0.00336331964622073	8.19390876533103e-05	8.1939085939032e-05
spot_21	8.59425045747979e-05	8.59425045748196e-05	0.218128830625561	0.176835497229869	0.0881448868650087	0.51628918777008	8.59425044091588e-05	8.59425045747906e-05	8.59425018216032e-05	8.59424847432546e-05	8.59425047828761e-05
spot_22	4.19593994220794e-05	0.134720819892487	0.137607020238782	4.19593994209056e-05	0.371663465998112	0.352986013851909	0.00192164398620124	0.000883971804352384	4.92266312852389e-05	4.19593986072216e-05	4.19593994209053e-05
spot_23	0.000128436294525521	0.3877598919725	0.000128436294525507	0.265838617026948	0.0653242766834035	0.279760335372276	0.000128436294566243	0.000128436294519794	0.000128436294525518	0.000546261177684643	0.000128436294525521
spot_24	0.000780081569457185	0.393429342263951	0.0118519577398212	0.00144938716866948	0.417547875334093	6.14742799506579e-05	6.14742799710072e-05	6.14742799500413e-05	0.0244698586418925	6.14742798757253e-05	0.150225600162369
spot_25	0.0735342632688168	0.000263658297588018	0.269814049237975	0.0137669245034095	0.010663444031218	0.443470536251676	0.000263658297647817	0.178220787927983	0.00897825068987242	0.000760769196225921	0.000263658297588014
spot_26	0.0775011628861153	0.0395306184563776	0.0657180645653218	0.00204588624739317	6.05271410200048e-05	0.566670671055556	6.0527140959265e-05	0.190576101019107	0.0577153872061428	6.05271409903868e-05	6.05271410169653e-05
spot_27	3.02078142941835e-05	0.0792698327045401	0.446109893922146	3.02078142942565e-05	3.02078142822678e-05	0.427392404027785	3.0207814289702e-05	3.02078142940324e-05	0.0470164146457232	3.02078140560041e-05	3.02078142941836e-05
spot_28	7.49965349977052e-05	7.49965349976973e-05	0.212195194706045	7.49965349976989e-05	0.36916835452502	0.320882026641779	7.49965385387036e-05	0.0972007169175077	8.13374521956106e-05	7.49967331909975e-05	9.73868807298228e-05
spot_29	5.80456643066538e-05	0.12464744468965	0.278100536927514	5.80456643066572e-05	0.409123046227315	0.0369043913587406	0.0595008595184256	5.80456643066545e-05	0.0914334929588352	5.8045662292529e-05	5.80456643066559e-05
spot_30	0.187345309095991	9.79939880883701e-05	0.0687641232166604	9.79939881006555e-05	0.0330568952851472	0.0473643674886422	9.79939877261337e-05	0.627578404204877	9.79939880911623e-05	0.0025784664013295	0.0329204583553463
spot_31	0.0369587781803154	0.139137052115942	0.379272926383365	0.00957739265621048	3.15116790037929e-05	0.0292947263568141	3.15116789693619e-05	0.403590498574872	0.00202632757043922	4.77631251053352e-05	3.15116789637358e-05
spot_32	6.47120172347713e-05	0.1244240326983	0.515868163292241	6.47120172347728e-05	0.342379228183273	0.0143660979601838	0.00257420576251695	6.47120172290771e-05	6.47120172347704e-05	6.47120173169807e-05	6.47120172347705e-05
spot_33	0.110498667908074	0.00011365279855838	0.0397145283079618	0.310276408210231	0.420954327365169	0.000113652798558377	0.000113652798537013	0.000113652798555701	0.116344509761519	0.000158366430697821	0.00159858082213786
spot_34	0.00307432295328386	0.000140560435125133	0.223247542719593	0.033220387377594	0.0489146233620022	0.34832120588886	8.58114724643657e-05	0.327219815066804	0.0156041077870164	8.58114647284422e-05	8.58114725286011e-05
spot_35	0.000118408116431143	0.000118408116431117	0.360024971055068	0.00111088006805114	0.270671588114813	0.167584230539283	0.000118408116308642	0.199897881516695	0.000118408116210866	0.00011840812427726	0.000118408116431124
spot_36	0.0020464957874821	0.431784215835672	0.105905636611319	7.54742482019662e-05	7.54742482285037e-05	0.456459982749408	0.00315977314642797	7.54742482374268e-05	7.54742482432284e-05	0.00026652462859001	7.54742481906243e-05
spot_37	8.8428762431183e-05	0.000105939002958899	0.212528996339583	0.0552135454137109	0.136068567527715	0.260235436889287	8.8428762410344e-05	0.335070035658131	8.84287624311862e-05	8.84287450826282e-05	0.000423764136257978
spot_38	0.0063777350242685	0.0834820640662427	0.0437581972435692	0.328466471282831	0.374072185691245	0.158822940254799	0.000141380750941212	0.000141380750917973	0.000167688087028786	0.00442857609722789	0.000141380750928629
spot_39	0.101025729445547	0.000134511388361371	0.140621451478086	6.9785980350528e-05	6.97859795526552e-05	0.660924956269809	0.0968746355369026	6.97859803504758e-05	6.97859803847272e-05	6.97859802805896e-05	6.97859803748868e-05
spot_40	0.00206687961899062	0.173842226120461	0.13899333339518	0.000141588056272234	0.0963416635241711	0.321840800943086	0.0404661067720337	0.140056863119234	0.0859673623312066	0.000141588062230338	0.000141588057133366
spot_41	5.80351237051597e-05	0.11804767615651	5.80351236907125e-05	0.167789587390327	0.197821382773599	0.442552272107829	5.80351239287826e-05	5.80351236907077e-05	0.0734408708332623	5.80351197664702e-05	5.80351236907075e-05
spot_42	0.000132863163166494	0.000132863163166454	0.087015934638173	0.222475368961984	0.277245844748385	0.399409593270933	0.000132863162172862	0.000132863163184117	0.0130560794156388	0.000132863150599481	0.000132863162596682
spot_43	0.113734134642377	0.200635320043805	0.000149953465784454	0.0876155200077512	0.0296643265822936	0.477999539531944	0.000149953465822133	0.0896013918630947	0.000149953465711999	0.000149953465642089	0.000149953465774401
spot_44	0.0523864112649101	0.297414220510969	0.166452173553337	0.000119503476735675	0.102496711973108	0.00011950347675544	0.000119503476755439	0.380533461835606	0.000119503476753985	0.000119503478314263	0.00011950347675544
spot_45	0.173050708046407	0.00803111895085483	0.114552502445874	5.81846165837908e-05	0.358740280761179	0.334345755589363	5.81846164987172e-05	0.00889613489470447	5.81846165837807e-05	5.81846167131373e-05	0.00215076084523827
spot_46	0.153865918560717	0.532516236725384	0.0522118500833277	0.037510159336966	0.0158067064217828	0.204259475188212	0.000137305663669739	0.000137305663719163	0.000137305663659456	0.000731737596446838	0.00268599909611505
spot_47	0.00443300972650735	7.55465691094105e-05	0.120065309834971	0.000610562555547106	0.436599000149215	0.0407362380865973	0.00455773287191179	0.392738692323671	6.13026278296795e-05	6.1302626750576e-05	6.130262789042e-05
spot_48	0.181146752695806	0.000214848063027737	0.368337385816032	0.000190514022815284	0.00733208626972311	0.133853188132979	0.000190514022853317	0.00181333561485642	0.306540347310353	0.000190514028813233	0.000190514022741198
spot_49	8.02347668094206e-05	0.411161640866812	8.02347668094155e-05	0.186621812068907	0.0882362430567098	0.253948658887608	8.02347666314175e-05	8.023476680942e-05	0.0595502365363207	8.02347497738679e-05	8.02347668094151e-05
spot_50	0.046821419952313	0.448688643641596	4.22748345970508e-05	0.000783919457806132	4.22748334325789e-05	0.500600685416246	4.22748359430193e-05	0.000418717661795289	0.00247523969532054	4.22748363524363e-05	4.22748345970415e-05
spot_51	0.0244190714779817	0.0836407229483572	0.156746989058615	0.00117986887562467	0.0116238974675676	0.719890840950614	7.09512545227228e-05	0.00071492048340492	7.09512545234443e-05	0.000254116158702792	0.00138767007008569
spot_52	0.0820529738568509	0.000118810408685277	0.206076941254003	0.33926451834484	0.365513401729111	0.00654622974099177	8.16727646398801e-05	8.1672764632829e-05	0.000100433605240006	8.16727663725473e-05	8.16727646328299e-05
spot_53	0.0452248235155607	4.18292393170577e-05	0.131044003753251	0.043366986546552	0.539842620852454	0.194566287723246	4.18292393575577e-05	0.0456736338517259	0.000114326799944834	4.18292392738844e-05	4.18292393170344e-05
spot_54	0.00192935774640612	0.181317387628405	8.91703856524499e-05	0.140595726082298	8.75103396584349e-05	0.637274919882968	8.75103397471417e-05	8.75103396855174e-05	0.0218780802731379	8.7510339767766e-05	0.0165653166422734
spot_55	0.0052421184873874	0.116965592291648	0.00126180333050958	6.09200252894564e-05	6.09200253293879e-05	0.574617671880311	0.00240615357922679	0.299202060307394	6.09200252864242e-05	6.09200223750139e-05	6.09200252419061e-05
spot_56	0.0133623886639697	0.000120090321636565	0.247832268456053	0.000120090321636559	0.198146650617057	0.342136627135571	0.000120090321641725	0.197801523194824	0.00012009032163656	0.000120090324484268	0.000120090321490414
spot_57	0.124245757568156	0.194913569078102	8.85985882185691e-05	8.85985881770996e-05	0.425940291747029	0.254280191489134	8.85985882467033e-05	8.85985882185687e-05	8.85985882185685e-05	8.85985882814684e-05	8.85985882185688e-05
spot_58	2.07292269264936e-05	0.188257265379323	0.0769173990559182	0.0511417924957994	2.07292232339324e-05	0.683460427486226	2.07292301201003e-05	2.07292269293285e-05	2.07292269264947e-05	2.0729196465025e-05	9.87402521323135e-05
spot_59	8.5364342235328e-05	0.0789765189796057	8.53643425978346e-05	0.14478754947872	0.311661945699633	8.5364342235328e-05	8.53643420590981e-05	0.255154886916313	0.208906912868576	8.53643457893876e-05	8.53643422353284e-05
spot_60	6.01474076886592e-05	0.0558069838417071	0.0748506975666164	6.01474077011727e-05	0.259791087579023	0.503091684690214	6.01474079057093e-05	6.0147407699459e-05	0.106098661884605	6.01473991386908e-05	6.01474077011696e-05
spot_61	8.73196166173552e-05	0.575533167506779	8.73196166173844e-05	0.420875107643479	0.00289316791732587	8.73196166173768e-05	8.73196165888599e-05	8.73196166172093e-05	8.73196166173705e-05	8.73196161234163e-05	8.73196166173311e-05
spot_62	0.0547534734262944	0.388862226404738	0.000169901489319158	0.476590901771565	0.00102635312177927	0.000169901489317001	0.000169901489597299	0.0741216106448628	0.000169901489319163	0.00379592718388909	0.000169901489319163
spot_63	0.027737963812153	0.0188701235619105	0.130102891563743	4.40652359773587e-05	0.401223941757927	0.120747035524138	4.40652360599167e-05	0.301087806045576	5.39767923080081e-05	4.40652342300661e-05	4.40652359773642e-05
spot_64	0.0554757903014512	0.282694724228176	0.000124613226697677	0.000124613226697716	0.188709602145021	0.0352808965340812	0.000124613226702666	0.397611150957876	0.0396047696974126	0.000124613229186273	0.000124613226697727
spot_65	0.0258707623574394	0.0726206406305959	0.396582605527553	0.0100325317862699	4.73879116759861e-05	0.488651428838488	4.7387911774817e-05	4.73879116666585e-05	0.00600509130177253	4.73879110025066e-05	4.73879117611312e-05
spot_66	0.00426127110209416	0.0434202015974306	0.160050446084415	2.71972316674696e-05	0.457924683850953	0.305381838931298	2.71972316698099e-05	0.0288138763978865	3.8893108704573e-05	2.71972321907057e-05	2.7197231690203e-05
spot_67	0.000135842993587589	0.0036191256936728	0.22281788701808	0.000135842993587595	0.289536843509623	0.404747765850306	0.078463319965423	0.000135842993591519	0.000135842994242865	0.000135842994280456	0.000135842993604945
spot_68	0.044756994363055	0.217157175207061	0.12735897865072	0.00529999653751221	0.159627711824863	0.265973062669045	0.00020040883906381	0.000200408839184988	0.1790244453916	0.000200408838733811	0.000200408839161603
spot_69	0.00185445099108695	0.0437232819133478	6.93602436484522e-05	6.93602436467408e-05	6.93602440786564e-05	0.584849660113817	6.93602428610274e-05	0.369087085248532	6.93602436459108e-05	6.93602753001182e-05	6.93602400356382e-05
spot_70	9.18058063767986e-05	0.340063132555697	9.18058063767971e-05	0.0122508897713542	9.18058063973839e-05	0.625525980499047	0.00219413501175905	9.18058063774753e-05	0.0194150273258	9.18058052092438e-05	9.18058056052316e-05
spot_71	0.0437629158690711	0.385449406597914	0.000210097816194582	0.00021009781619946	0.00164389568046996	0.564731196186861	0.000210097816216265	0.00153154917360674	0.000210097816469434	0.0018305474108033	0.000210097816193595
spot_72	0.0113701554119143	0.229463655197513	9.00482993424479e-05	0.0772258649244151	0.234733167146606	0.373435762309349	0.0702420894682001	9.00482993512391e-05	0.00316911234456699	9.00482993991256e-05	9.00482993421418e-05
spot_73	0.00420142838108685	8.19050420546776e-05	0.118639920841651	0.0742861838241834	0.0229459678320985	0.369835829493966	8.19050421092253e-05	0.353401435015087	0.0563616144426269	8.19050430822766e-05	8.19050420546857e-05
spot_74	8.78813261772931e-05	0.464850067016609	8.78813261772824e-05	8.78813261772883e-05	0.00119063412097254	0.5292456714951	8.78813261776354e-05	0.00409845808428632	8.78813261835998e-05	8.78813259619731e-05	8.78813261772876e-05
spot_75	0.0462433327675749	0.176885632091868	0.137469247069746	0.372803114725168	0.000961736520764124	0.001185967985809	6.73370932385262e-05	0.264169213833144	6.73370932335355e-05	6.73370931288294e-05	7.97437263252331e-05
spot_76	0.144856136246544	0.19206168152023	0.301404021160996	9.4464577581555e-05	0.0214624300139864	0.315305460444477	9.44645775863948e-05	0.0218548735229129	0.00267753878065694	9.44645774587651e-05	9.44645775698448e-05
spot_77	9.91624285239045e-05	9.9162428523893e-05	0.452954571587594	9.91624285363024e-05	0.147350917180383	0.356503812738566	9.91624285324826e-05	0.0374487763146587	0.00499527375200731	9.91624326932837e-05	0.000250836279981366
spot_78	0.0403012823131839	0.133508020594567	9.36246503012619e-05	0.00165449745417889	0.362483383274046	0.461490338349273	9.36246502647914e-05	9.36246503049467e-05	9.43547612695553e-05	9.36246523071311e-05	9.36246503030589e-05
spot_79	6.1189642524423e-05	0.0926410556345992	0.141312693189322	6.11896425244231e-05	0.508504774495913	0.0277026729103771	0.00443592885229772	0.225096926710247	6.11896423812943e-05	6.11896372895862e-05	6.11896425244236e-05
spot_80	5.93194050550674e-05	0.0993898634488884	0.0610490013504125	0.407063329084413	0.220191080873701	0.202650192801028	5.9319405065144e-05	0.00935993543091457	5.93194052133303e-05	5.93193902530984e-05	5.93194050550687e-05
spot_81	0.0756535747414879	0.0960722956999883	0.000319362440154327	0.0697015252333486	0.237752696217821	0.242320185501973	0.000319362440111658	0.274416679192076	0.00124765428669078	0.00187730180618744	0.000319362440160975
spot_82	0.129545688134326	0.155682691171421	0.0477091911976017	0.269784845714418	0.166254362931669	0.000122875366717152	0.000122875366722906	0.000122875366724886	0.000122875366717153	0.000122875366742525	0.230408844016939
spot_83	0.0169283363453058	0.000231484606911052	0.11265579101181	0.00208146577831753	0.129696692605061	0.660550170249032	4.01893907515349e-05	4.01893895183678e-05	0.0776891273329956	4.01893877359403e-05	4.63639025614647e-05
spot_84	6.29386635608356e-05	6.29386635608333e-05	0.0721744398664846	0.0200118889787794	0.530754180038794	0.102713729341567	6.29386635105329e-05	0.273968129792998	6.29386635467394e-05	6.29386636937504e-05	6.29386635042748e-05
spot_85	0.246179841263514	0.11687173723026	0.183974907520241	0.000108989171666842	0.000108989171720628	0.400601382529917	0.000108989171624043	0.0508973079043913	0.000108989171730985	0.000929877693311596	0.000108989171622325
spot_86	0.014697188041123	0.302845198063867	0.19785367096554	4.19388865309234e-05	0.0222532590467538	0.291763261465355	4.19388865193276e-05	0.161718955656967	0.00707668238585071	4.19388868359817e-05	0.0016659677146577
spot_87	0.00282412455574807	0.347864396714977	0.116708862045124	2.56259332124064e-05	2.56259332080946e-05	0.442530129285247	2.56259332280372e-05	2.5625933239281e-05	2.56259332225877e-05	2.56259332389082e-05	0.0899187317995536
spot_88	0.0639482373916305	0.000244350584115414	0.25510093514642	0.100515265469803	0.000244350582266233	0.359992851215629	0.000244350584122354	0.213874731439509	0.000244350584166934	0.00534622641822146	0.000244350584115419
spot_89	6.34207433640005e-05	0.0257373874369552	0.363213296089907	0.00753616062110546	0.424356032206669	0.166285035763975	6.34207431902091e-05	6.34207433617201e-05	0.0125549841638508	6.34207442594166e-05	6.3420743361722e-05
spot_90	0.00651942628023199	0.227169143489376	0.306015659998383	0.000140018410858288	0.0194923224305607	0.246020337497269	0.000140018410720946	0.000140018410872428	0.191258397205032	0.00296463945583774	0.000140018410858288
spot_91	0.0539290457250014	0.117501240140905	0.0392968891822192	0.00466458998893325	0.529182929370267	0.196865225956828	3.9519843195429e-05	3.95198419970208e-05	6.59018708171218e-05	3.95198443589614e-05	0.0583756182354776
spot_92	2.0091751724795e-05	0.297237554671698	2.00917517247627e-05	2.00917517247954e-05	0.0259492309616088	0.532132272840616	2.00917505983203e-05	2.00917483896287e-05	0.112505484920389	2.00916976084398e-05	0.0320549061539174
spot_93	5.84980986688408e-05	0.0100639557884819	5.8498098668493e-05	5.84980986688331e-05	0.35352139969151	0.201378779705744	5.84980985056849e-05	0.354902997995948	0.0797818782251893	5.84980999085079e-05	5.8498098706827e-05
spot_94	3.17377602863945e-05	0.0971948009567875	0.131970995961426	3.17377602863732e-05	3.17377601908035e-05	0.641636387198958	0.128655091459998	3.17377602861852e-05	0.000352297862012719	3.17377594812854e-05	3.17377602863681e-05
spot_95	0.050123234207456	0.0770536453683156	0.16945927471977	4.13083157762139e-05	0.145335246325677	0.44346218056689	4.13083157718592e-05	0.114359877233315	4.13083157762125e-05	4.13083154756176e-05	4.13083157762166e-05
spot_96	0.00402299975484195	0.292293092606276	0.0803544260985711	0.103570592504048	0.328324230130582	0.0317302347651073	0.159591551446035	2.8218173784555e-05	2.82181738259813e-05	2.82181734034602e-05	2.82181735242318e-05
spot_97	0.00429335900765723	0.111508174802557	0.110298021872292	4.45480952134529e-05	0.0435246581107435	0.7272058113127	4.45480952030345e-05	0.00294723446965844	4.454809521388e-05	4.45480435470143e-05	4.45480952138887e-05
spot_98	0.0413231255425529	0.43570362664871	0.151279771076808	0.000119565728981548	0.368372531935867	0.00260355042043677	0.000119565728986944	0.000119565728984953	0.000119565729171578	0.00011956573062673	0.000119565728874113
spot_99	0.0356118437649056	0.112123635137988	0.105431477094363	0.012328418164243	0.344818706061679	0.340194954579447	2.22141827826559e-05	0.049402108522315	2.22141868895482e-05	2.221411849704e-05	2.22141868895543e-05
spot_100	0.000155700849692554	0.166838479483066	0.000155700849690036	0.000155700849718899	0.0160334167605532	0.613855476435818	0.199058871328191	0.000155700849692144	0.000155700849705549	0.00327955089417936	0.000155700849693659
spot_101	0.00289417996053442	0.124544319945357	6.66753238351806e-05	6.66753238351335e-05	0.132109999617768	0.215777486950168	6.66753238452213e-05	0.286402126616954	6.6675323835135e-05	6.66753239220336e-05	0.237938510289946
spot_102	0.0224053837291354	0.102561166472552	0.186393346074606	0.000795488178511463	0.405681087155637	0.281965754799296	3.02063813341038e-05	3.02063812892087e-05	7.6948070732492e-05	3.02063756171278e-05	3.02063812892126e-05
spot_103	0.000120659042072992	0.274856191256947	0.0292265512506468	0.182095010206967	0.0300651427136555	0.456516563573152	0.000120659041301799	0.0214440463510868	0.00531385847937911	0.000120659042717891	0.000120659042072991
spot_104	8.66912160209806e-05	0.027146559885714	0.0704057691868111	8.66912160184668e-05	0.430851810916194	0.38647653980468	0.0845928526543212	8.66912160184661e-05	9.30114703292277e-05	8.6691217827136e-05	8.66912160655256e-05
spot_105	6.06174365725635e-05	0.108584891341514	6.06174365725588e-05	0.0653050037813362	0.170891482365547	6.06174365725682e-05	6.06174365324954e-05	0.654339312961599	6.06174365725627e-05	0.000515604930608955	6.06174365725637e-05
spot_106	3.20958273496846e-05	0.0704580020733726	0.12996396850507	3.20958273496753e-05	0.42390353157013	0.279671494737658	3.20958273497958e-05	0.0958104281442007	3.20958276298806e-05	3.20958301864409e-05	3.20958297029031e-05
spot_107	0.000133806909187425	0.000510113282170805	0.202722855680088	0.252238090956014	0.139568571762417	0.276111194272874	0.000133806911791896	0.128133955293279	0.00013380690918743	0.000133806959234542	0.000179991063756179
spot_108	0.00331252304083237	0.389552746823358	8.80900724606745e-05	0.19680192431869	0.39481361789643	0.0149906474877172	8.80900724850317e-05	8.80900724595745e-05	8.8090072460691e-05	8.80900706453153e-05	8.80900724606701e-05
spot_109	2.91631092770502e-05	0.0592487688988759	0.18174576725632	2.91631092770511e-05	0.150254714743261	0.57077350633789	2.91631092403277e-05	2.91631092770504e-05	0.0378022641078908	2.91631094133656e-05	2.91631092770566e-05
spot_110	0.0925677976380237	0.0296726035159796	0.000112223827185537	0.118983378976805	0.15175953804387	0.464218010303571	0.000112223827223012	0.142237552385672	0.000112223827186859	0.000112223827296241	0.00011222382718686
spot_111	0.0127785029930738	0.173065519388489	4.751992743073e-05	0.0337904850704095	0.128655725335393	0.466189581976439	4.75199276661928e-05	0.00478277009686646	0.060422508119737	4.75199304182204e-05	0.120172347234077
spot_112	4.51971468587611e-05	0.283585042620561	0.031586549358729	0.0361876027289077	4.51971468615078e-05	0.311515709977989	4.51971471128145e-05	0.203536332432533	0.0215563073941559	4.51971468096791e-05	0.111851666899482
spot_113	0.000144707184749476	0.00989649844468861	0.363937543539038	0.28123027553793	0.267121394943281	0.0461057428633061	0.000769722434100663	0.000144707184750568	0.010597656214172	0.000683698239435673	0.0193680534145476
spot_114	0.012774054353163	0.0839113762779216	0.000242815600196559	0.126935558615254	0.204373659144631	0.513460794605741	0.000242815600293942	0.000653454272691072	0.000242815600199555	0.00119344290750666	0.0559692130224018
spot_115	0.0159013973572441	0.245747847113732	0.0662236195247205	2.98295396045377e-05	0.575844570900475	0.0905962152955255	2.98295396056842e-05	2.98295396045376e-05	7.92603418819662e-05	4.18041315770799e-05	0.00547579671602865
spot_116	0.144350827057397	0.107577633295437	0.183454194363282	0.0101188433967868	8.91559906691954e-05	0.432345888130231	8.91559897873961e-05	0.121706833809117	8.9155989714527e-05	8.91559881320722e-05	8.91559894466055e-05
spot_117	0.0277367357505431	0.143088765398056	9.50228814602273e-05	0.100000556817479	9.50228814882313e-05	0.406203905744503	9.5022881461676e-05	0.322399899001366	9.50228814605601e-05	9.50228807205601e-05	9.50228814616776e-05
spot_118	8.43319215512744e-05	0.242163490349032	0.000290741532958888	0.0312109143451028	0.162255752929346	0.47601274961094	0.00255107264037822	0.0849110327078252	0.000351250118205458	8.43319231076395e-05	8.43319215512757e-05
spot_119	3.13517085093809e-05	0.0251351588119495	0.163919004312081	3.13517085067389e-05	0.156714630875545	0.640383260650357	3.13517071471073e-05	3.13517085063478e-05	0.0136598351270142	3.1351681876896e-05	3.13517085067781e-05
spot_120	0.0775552013791251	0.0649067953737747	0.0257281048614587	7.10567652003174e-05	7.10567650408165e-05	0.808148398734827	0.00295806283037114	0.0196267060817669	7.10567651909889e-05	0.000792503678044326	7.10567652003183e-05
spot_121	2.17320088859709e-05	0.183081330825574	0.351417193613345	0.00374744544532837	0.00126871998548539	0.460354918077134	2.17320089061957e-05	2.17320088904103e-05	2.17320088698988e-05	2.17320087104364e-05	2.17320088697345e-05
spot_122	9.02960640364135e-05	0.0372847539874579	9.02960640350402e-05	9.02960640366438e-05	0.233480234093854	0.561193212543684	0.167409726997106	9.02960640366443e-05	9.02960640366447e-05	9.02959936805419e-05	9.02960640366434e-05
spot_123	0.0835662303885631	0.0920351855118839	0.201934056615598	0.232960006859083	6.60346128262999e-05	0.389108312947217	6.60346128038221e-05	6.6034612794958e-05	6.60346128004092e-05	6.60346136293701e-05	6.60346128004089e-05
spot_124	0.0327504152282163	0.260763161875599	0.19706857176276	0.00157036274836047	0.205627186257903	0.301567075608498	0.00013064530431387	0.00013064530422907	0.000130645304238588	0.000130645301733273	0.000130645304147607
spot_125	0.0758334188212662	8.55560376227647e-05	0.0442174408284946	8.55560376227396e-05	0.2143110783469	0.458316238604974	0.0532330800091217	0.0383382717521321	0.115408247492709	8.55560315336808e-05	8.55560376227388e-05
spot_126	6.03727515191862e-05	0.000126887510120228	0.108175943683524	6.03727515188507e-05	0.0798936252248275	0.215758189579001	6.03727535047999e-05	0.59568311752221	6.03727646714324e-05	6.03727075835273e-05	6.03727515192782e-05
spot_127	4.41749457661003e-05	0.0517336758615651	0.0744837333439415	4.41749457660991e-05	0.0388212668618061	0.635931724912683	4.41749458388448e-05	0.198764549345513	4.41749457660944e-05	4.41749455568427e-05	4.41749457970428e-05
spot_128	0.00984656961925352	0.025786436445371	0.142808101816825	0.483584804310238	0.32920819978685	6.07885178126723e-05	6.07885178114598e-05	0.00844003218150245	8.27017384106259e-05	6.07885481126879e-05	6.07885178126721e-05
spot_129	0.0889515707996028	0.299437398299976	6.69277401176074e-05	0.0124862819921791	0.510280798036488	0.00848970800516912	6.69277401723356e-05	0.000295823866287765	0.0797907080407943	6.69277390955167e-05	6.69277401173413e-05
spot_130	0.000117268567678596	0.309936717932356	0.000117268567680036	0.000784321840044586	0.0638083177459568	0.364038890281566	0.000117268567308043	0.00237306370579012	0.258472345654256	0.00011726856940753	0.000117268567956568
spot_131	0.0675389971550892	0.0656349618025602	0.0241181067896884	0.00479135200661333	0.186374999254565	0.516413620738553	0.000121822100478702	0.133515620098623	0.000121822100428882	0.000121822100943695	0.00124687585245561
spot_132	4.20325503280255e-05	0.196421956428866	4.20325503395045e-05	0.0143737280308646	0.557723347065095	0.104744842113722	0.00244324861730332	0.0116237399969365	0.112501007545854	4.20325503629753e-05	4.20325503282993e-05
spot_133	4.89152960013782e-05	0.113876969772669	0.105718635079595	0.00328418175802141	0.315963925099053	0.46086279651506	4.89152960539648e-05	4.89152959993475e-05	4.89152959950871e-05	4.89152956596316e-05	4.89152958917622e-05
spot_134	8.12273676851172e-05	0.000110718135049951	0.406756609989152	0.0102647396656521	0.397076162425231	0.0080158352608892	0.0742138752113836	8.12273676851209e-05	0.103237149840789	8.1227368797673e-05	8.12273676851236e-05
spot_135	9.71515962444094e-05	9.71515962443812e-05	0.283869151864526	0.00331705854640807	0.290990833448783	0.365426562039574	9.71515964625647e-05	0.0553855556960269	9.71515962444422e-05	9.71515907607406e-05	0.000525080428724757
spot_136	0.131547770009738	0.0590270349465488	0.00549655130681994	0.134765727129498	0.0188303107811982	0.12691427477187	6.21221656983907e-05	0.523169842391446	6.21221657142532e-05	6.21221657540348e-05	6.21221657142526e-05
spot_137	0.0113177500146803	0.0789778535752102	0.000139038009234586	0.109765911364884	0.178420681228744	0.474891587156579	0.000139038009231052	0.102433819903496	0.0402310776952576	0.000139038008441533	0.00354420503424226
spot_138	0.00696224386849511	9.91178657491926e-05	0.117290705435316	0.00138826873839731	0.580997065016718	0.268606854257591	0.00207389652935952	9.91178657491959e-05	0.0222704430603624	0.000113169496512103	9.91178657492021e-05
spot_139	8.27063832560553e-05	0.132730803124071	0.140942892652723	0.00192538619805053	0.359159324531145	0.36474139934123	8.27063832767417e-05	8.27063832735932e-05	8.6662235465827e-05	8.27063842293907e-05	8.27063832783125e-05
spot_140	8.86006230230169e-05	0.0401418563730089	0.133052207247223	0.110260504611845	0.370319228201608	0.186069808570199	8.86006230013053e-05	0.159694406763931	0.000107585746791491	8.86006163468374e-05	8.86006230230266e-05
spot_141	0.0524139243405699	0.259280985931374	0.00464136004410943	8.56353821163898e-05	0.0503534528697946	0.622009381114481	8.56353817281547e-05	0.0108727188422327	8.56353821289022e-05	8.56353293427418e-05	8.56353821224106e-05
spot_142	0.118413099305975	0.335514297494202	9.4500578112846e-05	0.181273291333068	9.45005621398803e-05	0.364137807898034	9.45005757719011e-05	9.45005781106491e-05	9.45005781118631e-05	9.45005183622885e-05	9.45005781118577e-05
spot_143	4.46516831266642e-05	0.02790035000996	0.128303619473531	0.00469881367889412	0.14960854137125	0.548667608201954	4.46516831280912e-05	0.0278602529261836	0.11278186184811	4.46516846973899e-05	4.4997439165524e-05
spot_144	0.0508341335187874	0.15335053352085	0.111647886320686	8.95007950984282e-05	0.420985048059313	8.95007950984293e-05	8.95007946658365e-05	0.256192948155108	8.95007940420662e-05	8.95007939414674e-05	0.00654194645241026
spot_145	0.0147161354537058	0.286932158412824	0.0555074281461168	0.175114566976006	0.389485625115348	0.0411733863130854	9.68903973007688e-05	0.0366831380419633	9.68903919662594e-05	9.68903597174868e-05	9.68903919662703e-05
spot_146	2.64245648642926e-05	2.6424564864298e-05	0.184759462104014	0.126339431281052	0.564677560006278	0.0773666860459306	2.64245648969612e-05	2.6424564864301e-05	0.00156661334875885	2.64245684000909e-05	0.0451581243860764
spot_147	0.0595468131301801	0.407279362367584	0.000115646663319573	0.00136795552600512	0.0370827424079246	0.000115646663313774	0.000115646663329004	0.458191139862485	0.03595375338909	0.000115646663449332	0.000115646663319566
spot_148	0.0714540413989252	0.0413156558321177	0.194059204888792	0.00294342625288978	4.12862863653565e-05	0.356788164662046	0.201047697415295	4.12862863658751e-05	0.131386777636699	4.12862863207009e-05	0.000881173054183275
spot_149	0.00454445791633927	0.306909493103207	7.63609168399848e-05	0.251427353862747	0.0066053740688656	0.341538933910392	7.63609168126218e-05	0.01247709061483	0.0761051472263239	7.63609161557566e-05	0.000163066547486634
spot_150	0.0628520003554959	0.265409461395446	8.7357346531205e-05	0.000229817070011853	0.0397650056808541	0.631219571419339	8.73573465311998e-05	8.73573465196091e-05	8.73573465135173e-05	8.73573462268898e-05	8.73573465311823e-05
spot_151	3.93237054474067e-05	0.00466358693433495	0.021370610797153	0.0789569105845433	0.318594846445108	0.54002998810977	3.93237047782287e-05	0.0361496853829859	7.70769195917915e-05	3.93237108448088e-05	3.93237054426195e-05
spot_152	4.35260459532352e-05	0.182983159491959	0.0263960526899638	0.205642713510049	0.00287549566899257	0.504391923501204	4.35260459605868e-05	4.35260459563302e-05	4.35260459532312e-05	4.35260459955792e-05	0.0774930249080122
spot_153	0.000134523244402067	0.161199659545091	0.0929476150488909	0.000134523244402066	0.374038451970888	0.221063456634725	0.000134523244503717	0.149943677338874	0.000134523244402067	0.000134523239418956	0.000134523244401993
spot_154	0.00388057863601242	0.0382707490425314	5.61335163498484e-05	0.000452913875662662	0.00725808346004558	0.352747817907987	5.61335168315379e-05	0.474698073155898	0.122467249859723	5.61335131169753e-05	5.61335158411208e-05
spot_155	0.0461034201814464	0.0914167338424135	0.127580775520884	0.183035213468151	0.298672365592055	0.167924264813302	0.000136991221785618	0.0847192616595691	0.000136991221795108	0.000136991256034794	0.000136991222562757
spot_156	0.000122546728549953	0.000175466662874099	0.141285460813282	0.00228539814201947	0.0663581048782577	0.301775867822064	0.000122546728356511	0.315168823664175	0.0598657631407008	0.000122546731594944	0.112717474688125
spot_157	8.33285630352866e-05	0.000197589355570438	0.576395628910541	8.33285630352849e-05	0.381806653036729	0.0298753913480801	0.00217362792967523	8.33285630352849e-05	0.00913446660432064	8.3328562942322e-05	8.3328563035285e-05
spot_158	6.03318736710512e-05	6.03318736710518e-05	0.0501332213047363	6.03318736710499e-05	0.504093498483196	0.0930180771044713	6.03318736798999e-05	0.287546983580217	0.0648462282810658	6.03318768720266e-05	6.03318747489086e-05
spot_159	5.92568449634119e-05	0.000235174127689097	0.237344376775657	5.92568449539772e-05	5.92568456933707e-05	0.487665816107465	5.92568443583488e-05	0.274312882005005	5.9256844962215e-05	5.92568748448343e-05	8.62098844068706e-05
spot_160	0.0776174778115747	0.145579854267671	0.176734446637599	0.0051545540965848	0.000546955740656201	0.25191381751715	0.000182005299645228	0.339041213359763	0.000182005299364605	0.00283190989044878	0.000215760079542066
spot_161	0.0361903446165685	0.0759087012106682	0.76881651163652	4.29902483607046e-05	4.29902486708952e-05	0.102455965719893	4.29902483693829e-05	0.00449913938207886	0.0119143861909445	4.29902495550102e-05	4.29902483710999e-05
spot_162	0.000127764413324763	0.365965898345979	0.000127764413324766	0.000127764413324764	0.123248169421611	0.444366264290237	0.000127764413324763	0.0655253170896991	0.000127764413324763	0.000127764372526057	0.000127764413324759
spot_163	4.19516476323743e-05	0.0463261434877608	0.105579575259007	0.00699531769615705	4.19516476588383e-05	0.724030672575319	0.00244287042496713	0.114415662318541	4.195164763254e-05	4.19516477586928e-05	4.19516475651535e-05
spot_164	0.0610030201715864	0.0622436796473513	5.91853189753622e-05	0.00475709073079413	0.0934437621521219	0.761485957856372	5.91853175451292e-05	5.91853189668967e-05	0.0167705628675936	5.91852997197053e-05	5.91853189737476e-05
spot_165	0.057374502066169	0.136639978560486	0.0975317173467756	4.53340301991821e-05	0.0185709504399863	0.559721878559648	0.128228059151231	0.00175157775485035	4.53340301898388e-05	4.53340302569e-05	4.53340302086725e-05
spot_166	0.000100741529298663	0.0335115026493169	0.0650666086994388	0.000100741529308242	0.192572294216932	0.678285087664138	0.0236428336782277	0.00010074152931601	0.000355463912091483	0.0013762691979057	0.00488771539402623
spot_167	8.77933948325803e-05	0.202250211994652	0.0555055404602475	8.77933948598528e-05	0.526416513555897	0.215141863552797	8.77933942563971e-05	8.77933948493599e-05	0.0001591100663106	8.77933947798987e-05	8.77933965166134e-05
spot_168	0.0347683781130755	0.0633633753370851	0.144360153775686	5.70298620640752e-05	0.326610517976786	5.7029861665211e-05	5.70298620682405e-05	5.70298620640759e-05	0.430555395629208	5.70298607704638e-05	5.70298595271353e-05
spot_169	0.000682074300157675	0.0616060748345234	0.11044202347118	5.74609852308786e-05	0.344451122696303	0.394708630290771	5.74609851280059e-05	0.0878227694798517	5.7460985262762e-05	5.74609863617135e-05	5.74609852308761e-05
spot_170	0.0280247268711026	0.0199494465927461	0.020925489859275	0.00909293757094583	0.225910124814052	0.594096165708985	0.0728334382370757	5.90241399957739e-05	0.0289905979257926	5.90241400332573e-05	5.90241399957707e-05
spot_171	0.0556093700746774	0.000102959771465829	0.158633073026439	8.94714851373285e-05	0.507984536325093	0.239299773056438	8.94714851125114e-05	0.0379204923032122	9.19095059033821e-05	8.94714826416435e-05	8.9471483879169e-05
spot_172	0.00270935776507993	9.10921458509319e-05	0.300067693791296	9.10921458509208e-05	9.10921445926157e-05	0.392067176746642	9.10921458493468e-05	0.304518126685182	9.10921416025723e-05	9.1092141178201e-05	9.10921468755881e-05
spot_173	2.11943939870076e-05	0.194132606183701	0.0703165042821897	2.11943939870076e-05	0.00573724280268763	0.436914377198877	2.11943939886685e-05	0.292772103172378	2.11943939961741e-05	2.11943902213282e-05	2.11943939870001e-05
spot_174	0.154558359586463	0.0440433147324949	0.000110420818296852	0.000110420818310563	0.000110420818380952	0.519990414111385	0.0547767124513053	0.197918337992793	0.000110420818383803	0.000893715655643527	0.0273774621965427
spot_175	4.34435271310213e-05	0.0942712749218083	0.134614745051734	0.080093049063814	0.182140591495556	0.140071608844679	4.34435272152275e-05	0.368591512991015	4.34435271589115e-05	4.34435227287324e-05	4.34435271589313e-05
spot_176	0.000540311505444441	0.118942115084391	0.0659079625729395	0.123713133926567	0.116794141261579	0.434559001682505	4.62175629811026e-05	0.118454671797708	0.0209500094865277	4.62175559931097e-05	4.62175633638235e-05
spot_177	0.0497558101799587	0.0717153172000439	0.00684453415957365	0.000349734450855833	0.452531683095074	0.415345412298705	0.000154023804927752	0.000154023804895959	0.000154023804938007	0.00284141339608862	0.000154023804938054
