B	CD4Tconv	CD8Tex	Endothelial	Fibroblasts	Malignant	Mast	Mono.Macro	Myofibroblasts	Plasma	Tprolif
spot_1	0.0567879953291619	0.348725058546229	0.37106989404115	4.16376676576848e-05	0.223125588409836	4.16376676587103e-05	4.16376676611404e-05	4.16376676587776e-05	4.16376676587937e-05	4.16376676693723e-05	4.16376676587774e-05
spot_2	0.0388166321287867	0.099636548229693	6.16324177574394e-05	0.00946977262653832	0.00134013353315412	0.617885740481936	5.69390319361035e-05	0.232561784454271	5.69390319034842e-05	5.69390321227635e-05	5.69390319008933e-05
spot_3	0.0302183257286565	0.271340553538979	0.0937836764570403	0.000757689045809682	0.000132533364512216	0.416484012080797	0.000132533365324084	0.0469871000533836	0.139898509636308	0.000132533364684287	0.000132533364506065
spot_4	0.0047474526331059	0.218311021514874	0.00012546252211014	0.000125462522110124	0.120921654179288	0.623603741148947	0.00012546252211215	0.000125462522111218	0.000125462522110139	0.00012546252266783	0.0316633553905641
spot_5	0.0163608189323124	0.124185118477303	0.0416378991178524	0.000146393210148395	0.120254237845211	0.612563330286201	0.000146393210152089	0.0822700396572881	0.000146393210148396	0.00214298284323552	0.000146393210148397
spot_6	0.0378797094783264	8.5514378729644e-05	0.047882378077016	0.314917915484487	0.244126727189976	0.299380833696137	8.55143785202888e-05	0.0553848641801231	8.55143787357502e-05	8.55143790945395e-05	8.55143788545526e-05
spot_7	6.59016209720175e-05	0.184079100258461	0.167684805299511	6.59016209720216e-05	6.59016209847473e-05	0.559701010202134	6.5901620967755e-05	0.0721749878250356	6.59016209845191e-05	0.000961998635712819	0.0150685896742644
spot_8	0.0699695303624541	0.0652637252685582	0.0251849752751573	0.321134211825568	0.0011207248516094	0.510850440658989	0.000217399677530574	0.00021739967783962	0.0010492867743538	0.00477490595010088	0.000217399677839622
spot_9	0.0171482342430945	0.227820534278742	0.000139412754857076	0.0528857915598303	0.299187224918477	0.217358035157435	0.000139412754976119	0.184903116070233	0.000139412754856443	0.000139412752642044	0.000139412754856426
spot_10	4.39657478492178e-05	0.0163172911530236	0.101620763336867	0.145022936071238	0.66256714599464	4.39657478502874e-05	4.39657478481892e-05	4.39657478502864e-05	0.0721756643735186	0.00153379893982133	0.000586537139493626
spot_11	0.0435346227199913	0.231410385891012	0.000126500087405024	0.00383644413656253	0.225423388070839	0.387919602842643	0.107243055890682	0.000126500087404873	0.000126500087404833	0.000126500091279295	0.000126500094775222
spot_12	0.232076735415517	0.44379003121987	0.000146896106600245	0.000919045322369534	0.159622155254659	0.000525924271950881	0.000146896106339841	0.0518888639878306	0.110589660101534	0.000146896106729869	0.000146896106600247
spot_13	0.000111890127180986	0.511734400615318	0.000111890127180985	0.0728882227903891	0.0521062735344752	0.000111890127180986	0.000111890127880164	0.362487872159347	0.000111890127180986	0.000111890136685662	0.000111890127180986
spot_14	5.3550966098068e-05	0.00191401723696382	0.304837232972129	5.35509660980743e-05	5.3550966122615e-05	0.00669560472002685	0.13144092903896	0.548828071547539	0.00585388268048934	0.000216057939475087	5.35509660980748e-05
spot_15	9.07841171843328e-05	0.190654998216646	0.127665030686766	0.508463319956503	9.07841171791494e-05	9.07841171843315e-05	9.07841171912199e-05	0.0762304186666983	0.0964415277739635	9.07841134997636e-05	9.07841171843385e-05
spot_16	0.119779063706922	0.31884963618653	0.0541322473006347	7.27633129622978e-05	0.249957356423669	0.209068299944491	7.27633129643837e-05	0.00955871759804716	7.27633129622971e-05	7.27633129889218e-05	0.0383636255878284
spot_17	0.068992717059504	0.187078739626329	0.155713638224958	0.000243354260547469	0.120601805144618	0.45034389561649	0.000243354260539512	0.000243354260608128	0.000243354260547468	0.00412672787264259	0.012169059413215
spot_18	7.72550929260145e-05	7.72550929260079e-05	0.173076096946287	7.72550929260037e-05	0.255007202859176	0.163317483838876	7.72550930050498e-05	0.40496887899117	0.00316680680620255	7.72550935142996e-05	7.72550929906356e-05
spot_19	0.0311925396476482	6.7551777259486e-05	0.331810548967602	6.75517772594848e-05	0.119637086933253	0.515294861201424	6.75517773658083e-05	6.75517772586589e-05	6.75517772593743e-05	6.75517768814657e-05	0.00165965258678783
spot_20	0.0352968494783055	0.0192379024639274	5.55894783216865e-05	0.00460337706217835	0.375006488226101	0.51718981010745	0.0471373921638433	5.55894783246501e-05	0.00130582258522317	5.55894780005815e-05	5.55894783246499e-05
spot_21	8.4353744717437e-05	8.43537447174297e-05	0.212040937999789	0.184319641373897	0.0900868741264534	0.512962070312477	8.43537447179055e-05	8.43537447174376e-05	8.43537447174213e-05	8.43537190786009e-05	8.43537447174307e-05
spot_22	6.13747554398245e-05	0.138877421439641	0.130339741616299	0.00218994095399295	0.337067152226491	0.391157495231891	6.13747554672753e-05	6.13747554407114e-05	6.13747554407129e-05	6.13747544317346e-05	6.13747554660597e-05
spot_23	0.000129663240285053	0.38874407065074	0.000129663240285147	0.28427875064709	0.0604765425708247	0.255961363913544	0.000129663240284374	0.000129663240274528	0.000129663240285061	0.000146095616678849	0.0097448603997086
spot_24	6.21797235360448e-05	0.372937492373076	6.21797235368383e-05	6.21797235368547e-05	0.414010884533184	0.0165518977179687	6.21797235329181e-05	0.00011017101303426	0.0160304833237341	6.2179723217268e-05	0.180048172421643
spot_25	0.0743883929735912	0.000170966149609243	0.18080371640154	0.0190340001801081	0.0058364474561704	0.456298022027717	0.000170966149672977	0.207203125147157	0.0216216875540562	0.000918470194962012	0.0335542057654163
spot_26	0.0915223529375781	0.000140483527153743	0.088389246059352	5.78171190020105e-05	5.78171189945344e-05	0.570666520614751	5.78171190158907e-05	0.188078339383215	0.0609026883907046	5.78171192326047e-05	6.91006110002473e-05
spot_27	4.35818895889927e-05	0.277842024102807	0.251926351787319	4.35818895889952e-05	4.35818895993899e-05	0.41105786518807	4.35818896084413e-05	4.35818895934001e-05	0.0588686856944548	4.35818897805958e-05	4.358188958899e-05
spot_28	7.52572292145183e-05	7.52572292145162e-05	0.253583769007838	7.52572292145119e-05	0.353226904865279	0.306393811370613	7.52572298549722e-05	0.0829252429673909	0.00341872843116296	7.52572110031192e-05	7.52572292145165e-05
spot_29	8.30947027484247e-05	0.0150894596513186	0.355820899985311	0.00336404408240823	0.389634817051842	0.0400259128304151	0.0807632743666816	8.30947027484231e-05	0.114969213222591	8.30947011874795e-05	8.3094702748421e-05
spot_30	0.164104009018126	0.000100919310801498	0.0811217935696613	0.000100919310824326	0.0336703228485496	0.0444755270598871	0.000100919310896041	0.645756424527297	0.000100919310795043	0.00540650068830799	0.0250617450448541
spot_31	0.0631824372226421	0.255106287964453	0.266208227635427	0.0121994008392505	0.00316435390375614	0.000939045623588723	4.42296736047807e-05	0.39529119530114	4.42296736664122e-05	4.42296737553901e-05	0.00377636248871629
spot_32	4.22300557878522e-05	0.42388213081793	0.2493830213474	0.00239802748141349	0.306973069061592	0.00772910772528185	4.22300557412822e-05	0.0094234932865635	4.22300557878381e-05	4.22300567148203e-05	4.22300557878517e-05
spot_33	0.107911404951428	0.0490143072784693	0.0126728956046361	0.246453831466343	0.417581945581978	0.000112232075091242	0.00011223207533107	0.000112232075091235	0.160345023229083	0.000112232074871884	0.00557166358767739
spot_34	0.000122471893997955	0.000129264081756054	0.239224266543611	0.0384076315920133	0.0457273483081182	0.349526715246468	0.00658089262293544	0.307805361349957	0.0122311045730718	0.000122471894074057	0.000122471893997952
spot_35	0.000116926702878517	0.000135419292714505	0.370483712367335	0.000116926702878512	0.276282566778626	0.178098210815022	0.000467219328278971	0.168607740159817	0.00545742444176962	0.000116926707802245	0.000116926702878521
spot_36	0.0145452915776026	0.526213297949641	0.0284252809270112	0.000152090367273469	0.000152090367271869	0.427659528098791	0.000152090367251137	0.000152090367273202	0.000152090367480413	0.00224405924314991	0.000152090367254448
spot_37	0.000133905364278624	0.00012202682587314	0.21103416044167	0.077490741860346	0.136171368257613	0.22217555002331	0.00012202682585048	0.345324848789942	0.00012202682587314	0.00012202682696684	0.00718131795827664
spot_38	0.0172947247480807	0.0745036074435252	0.000141509262458294	0.341155418161757	0.414486150631601	0.139119989696715	0.000141509262451686	0.000141509262457616	0.000210315201313192	0.00373433377797856	0.00907093255166118
spot_39	0.0897581830146578	0.0776044886954006	0.0737891432488194	4.53338944098614e-05	4.53338944242736e-05	0.678203876476231	0.0796983506753116	0.000717056498525613	4.53338944086548e-05	4.53338947336389e-05	4.75658130779167e-05
spot_40	0.000288304577533117	0.203276618866403	0.12049515858555	0.000288304577533129	0.128335151514424	0.316763850995808	0.0201324063030429	0.156538378881887	0.0533052165484296	0.000288304572114441	0.000288304577273971
spot_41	5.93855852398166e-05	0.0908021707050898	0.0392303123177831	0.163214294120119	0.184004857299831	0.4597879939857	5.93855842052294e-05	5.93855852417354e-05	0.062663443782255	5.9385449295952e-05	5.93855852398125e-05
spot_42	0.0240399772429593	0.000202368801929795	0.105936953849321	0.227034816943308	0.235620236305985	0.385704962531533	0.000140915165297674	0.000438041533753682	0.020599897295211	0.00014091516542759	0.00014091516527387
spot_43	0.0550275203494351	0.158750137825018	0.000149605919955115	0.0650610736689069	0.0229025638273991	0.580197631615511	0.000149605919929778	0.117313043114085	0.000149605919992123	0.000149605919807018	0.000149605919961156
spot_44	0.0532481685818429	0.37794314535095	0.129088065552579	4.09911487173279e-05	0.117054087363045	0.0146204199861086	4.09911487343815e-05	0.307841157421723	4.09911487167412e-05	4.09911488659913e-05	4.09911487173242e-05
spot_45	0.209469515175972	8.11757803795929e-05	0.0914890202401665	8.11757803795911e-05	0.348861466695312	0.349251230430363	8.11757803992088e-05	8.11757803795928e-05	8.11757803795886e-05	0.0002206465452941	0.000302242010975036
spot_46	0.167031431611593	0.565202932220787	0.0576491389204163	0.0276666441457066	0.0160761624338345	0.164492921452071	0.000137939426103837	0.000137939426074812	0.000137939426091585	0.00132901151123734	0.000137939426083635
spot_47	4.37929028267776e-05	0.00303325794877592	0.121191349278579	0.00440225801900036	0.412532337918267	0.0549851401296534	4.37929027631051e-05	0.403630538857981	4.37929028709393e-05	4.37929021788571e-05	4.99462371041767e-05
spot_48	0.190946543848266	0.000232192463263528	0.326474671958244	0.000120572377200119	0.00800254337654815	0.162528378108212	0.00715576076127267	0.000120572377200119	0.304177619976201	0.00012057237639176	0.000120572377200119
spot_49	8.46813727833117e-05	0.411718666488354	8.46813727833045e-05	0.185584139507482	0.104412600392867	0.222145274322781	8.46813727874923e-05	8.46813727833108e-05	0.0756312310475612	8.46813770473913e-05	8.46813727697529e-05
spot_50	0.0599322369828164	0.436363386153631	8.47523554688908e-05	0.00934761085663396	8.47523554580037e-05	0.490878515276432	8.47523558442605e-05	8.47523554679731e-05	0.00296973659734019	8.47523554164579e-05	8.47523554913164e-05
spot_51	0.0214127603136189	0.117315020197143	0.115958338075876	0.000100429805423563	0.00589687081190288	0.736559462579367	0.000100429805421763	0.00197671075369948	0.000100429805434664	0.000479118046689497	0.000100429805423563
spot_52	0.08187209856122	0.0236779432067036	0.192825910598559	0.360405136922742	0.328730851207935	0.0120449247094664	8.26623943707248e-05	8.26623943723147e-05	0.000112485213995393	8.26623962628257e-05	8.2662394372314e-05
spot_53	0.0529195172388044	5.86126066262322e-05	0.141000114465162	0.0454834236158079	0.536261959772738	0.177739520646319	5.8612606676353e-05	0.0428674287425184	0.00349358509348033	5.8612605241507e-05	5.86126066262441e-05
spot_54	9.20364788478968e-05	0.156749014905126	9.2036478847899e-05	0.11636359092877	9.20364789199273e-05	0.640075943905912	9.20364788491032e-05	9.20364787584428e-05	0.0221662100125866	9.20364793072053e-05	0.064093021374074
spot_55	0.00704844572234408	0.09923138969921	5.9900837262703e-05	5.99008372627154e-05	5.99008372930488e-05	0.601978703944573	5.99008372714452e-05	0.291322154773078	5.99008372729025e-05	5.99008371690372e-05	5.99008372627093e-05
spot_56	0.0221371642520743	0.0259859563898683	0.246914314209752	6.0320501385276e-05	0.217071055396358	0.276268865631267	6.03205012765986e-05	0.211321041614509	6.03205013852707e-05	6.03205007385207e-05	6.03205013852769e-05
spot_57	0.149438944286679	0.194576746781185	8.80030247178607e-05	8.80030247178709e-05	0.435276531028872	0.219123737870054	8.80030247158224e-05	8.80030247178638e-05	8.80030246925237e-05	0.000303770547973881	0.000840254361673779
spot_58	3.04173209373441e-05	0.136168749322927	0.122421750237098	0.0384163157709871	3.04173169582834e-05	0.702735750615631	3.04173223103255e-05	3.04173209373425e-05	3.04173209361071e-05	3.04173613713201e-05	7.49300899062842e-05
spot_59	8.43757209695029e-05	0.0888351917294627	8.43757209812595e-05	0.1289900105452	0.356467277805333	0.000333201280755736	8.43757208569704e-05	0.276917895910898	0.148034544122942	8.43757216318346e-05	8.43757209695024e-05
spot_60	5.91848820630772e-05	0.0760593622005365	0.0424321266786378	5.91848820790495e-05	0.305968190279197	0.50314852151711	5.91848820279645e-05	5.9184882081276e-05	0.0720366900277187	5.91848813232558e-05	5.91848872259156e-05
spot_61	8.57141142586195e-05	0.602732218505882	8.57141142586424e-05	0.391896100186989	0.00174967475589317	8.57141142586294e-05	8.57141142794499e-05	8.57141142679371e-05	0.0030220077521275	8.57141135264879e-05	8.57141142586454e-05
spot_62	0.0389661004593286	0.401049357241571	0.000170859623494558	0.495403957858236	0.000170859623329982	0.000170859623492441	0.000170859623316616	0.0580778070946342	0.000170859623494556	0.00547761960560712	0.000170859623494556
spot_63	0.0468578859715101	0.057696498877701	0.0692272458718904	8.78839298283717e-05	0.386518406310226	0.151757808560525	8.78839305056084e-05	0.287483986387853	0.000106632299632698	8.78839304996494e-05	8.78839298283778e-05
spot_64	0.068446741264622	0.25460850598045	0.000124513776885258	0.00388516280638415	0.204913740794991	0.0591764776597614	0.000124513776868639	0.382951385438108	0.0255199309475002	0.000124513777544651	0.000124513776885255
spot_65	0.0379664585127962	0.264768452159736	0.220203519071279	0.00129790271710524	0.00222835316564555	0.464070314556847	9.43831863647195e-05	0.0015297267839679	0.00765212347511277	9.43831826656148e-05	9.43831884802178e-05
spot_66	8.33661840819153e-05	8.33661840819088e-05	0.173890646156439	8.33661840819152e-05	0.459793563056246	0.333603280178489	8.33661840809043e-05	0.0320271900341958	0.00015585138262092	8.33661857526882e-05	0.000112638269930651
spot_67	0.000135988637681415	0.0199690003049267	0.211987058181803	0.000135988637681447	0.276180024180579	0.428497061878478	0.0625509236325497	0.000135988637681447	0.000135988637006048	0.000135988633932413	0.00013598863768145
spot_68	0.05728715375334	0.158896603714759	0.144514786230262	0.000271441053347961	0.143505293136069	0.352796805335188	0.000136942897701864	0.000136942897698464	0.142180145178478	0.000136942905455347	0.000136942897700174
spot_69	9.45729023773537e-05	0.0476777306515045	9.45729023778407e-05	9.45729023773655e-05	9.45729024279031e-05	0.579357049029571	9.45729019592772e-05	0.371876397956022	0.000426812048586378	9.45729007649467e-05	9.45729020323881e-05
spot_70	8.82780275542253e-05	0.342629511284693	8.82780275352533e-05	0.00971806636221778	8.82780275231521e-05	0.635890922117569	8.82780270224392e-05	8.82780275476828e-05	0.0111435540429198	8.82780274591712e-05	8.82780279591149e-05
spot_71	0.033304617105837	0.390484804200423	0.000381999747981949	0.00021067114310232	0.000277689054960027	0.546383857495169	0.000210671143057743	0.000210671143100537	0.000210671143199802	0.00411286598975475	0.0242114818334137
spot_72	0.00880819184555092	0.240302057830029	6.22443062788537e-05	0.0971630820870211	0.222840743259094	0.380433025423356	0.04417187270576	0.00401422709322509	0.00208006683627507	6.22443071308014e-05	6.22443062788442e-05
spot_73	0.000112468388829249	0.00011246838882925	0.142771020161842	0.0869184287719016	0.0202361265763816	0.367335694082212	0.000112468388829248	0.335151367525824	0.0469149761881726	0.000112468389257535	0.000222513137922031
spot_74	6.28091477469856e-05	0.481091621441704	6.28091477469694e-05	0.00272010995563809	6.28091478510746e-05	0.512044192921086	6.28091477470931e-05	0.00370441164749178	6.28091477461819e-05	6.28091474947206e-05	6.28091477469869e-05
spot_75	0.0219005567841953	0.297299554250411	9.24587980062721e-05	0.382230642605007	9.24587979800372e-05	0.000343964870101289	9.2458797902835e-05	0.297670528701107	9.24587980062737e-05	9.24587992767581e-05	9.24587980062708e-05
spot_76	0.174169148002263	0.1109366514687	0.389072561177573	9.43246144396347e-05	0.022244683347264	0.286545987642785	9.43246145274007e-05	0.0165593452891429	9.43246144281052e-05	9.43246144485668e-05	9.43246144279124e-05
spot_77	0.000201788416156898	0.000201788416156888	0.441798919661248	0.000201788416156886	0.165395135136252	0.329612543676361	0.000201788416032092	0.0455266195689526	0.0128723137966237	0.000201788413470881	0.003785526082588
spot_78	0.0369877926437914	0.165415254209367	0.000136264715369461	0.00013626471537125	0.379428503393739	0.417144961644128	0.000136264715372039	0.00013626471537125	0.000205899814894228	0.000136264718199036	0.000136264714398187
spot_79	9.06973548031455e-05	0.120660788871167	0.072661310409836	9.06973548031463e-05	0.533437777374783	0.0460494377893649	9.06973549052853e-05	0.226632552602623	0.000104646178772712	9.06973541389417e-05	9.06973548031459e-05
spot_80	4.38602083408901e-05	0.0709072147983857	0.0871582218510492	0.455508384446848	0.213409067264419	0.171021245437731	4.38602083400042e-05	0.00177656520279643	4.38602103498505e-05	4.38601633984856e-05	4.38602083408912e-05
spot_81	0.0460295429375364	0.114915414531503	0.000319501152039884	0.0514307362366786	0.231293364921048	0.258162926674007	0.000319501152134207	0.288907432222296	0.00413653517778402	0.00416554384293234	0.000319501152039997
spot_82	0.118773707562294	0.13008753497958	0.0420896197170915	0.282734286701624	0.17455829989257	0.000121305182589681	0.000121305182561457	0.000121305182589682	0.000121305182589687	0.00012130518388977	0.251150025232621
spot_83	0.0152022593511972	5.54148691082215e-05	0.110601741093728	0.00168049092945744	0.125197416594475	0.678854198434935	5.54148696313801e-05	5.54148691082322e-05	0.0681868192356363	5.54148836150697e-05	5.54148691082344e-05
spot_84	9.06111992277914e-05	9.0611199227761e-05	0.073340916870531	0.0189691745582743	0.544629222734115	0.0914797004761073	9.06111992129043e-05	0.271034394299624	9.35350629930055e-05	9.06112009766897e-05	9.06111997108053e-05
spot_85	0.290117210801632	0.111119699182118	0.126908374664614	7.43123706229615e-05	7.43123704702013e-05	0.408774935344245	7.43123705992882e-05	0.0609129006259297	7.43123706306423e-05	7.43123707237336e-05	0.0017953175284148
spot_86	0.00266411721261058	0.315548093537806	0.162234542618343	4.35045042892109e-05	0.0349547384809085	0.301352357516351	4.35045043208023e-05	0.146491097885373	0.00326369126574637	4.35045043094727e-05	0.0333608479699418
spot_87	0.0325147209729365	0.217233974604506	0.170342311456659	0.00177738772080686	3.73170240415047e-05	0.489091616757979	3.73170240534672e-05	0.0011858368833793	3.73170240609247e-05	3.73170238133936e-05	0.0877048835077633
spot_88	0.0610647478061099	0.000233071291069433	0.232027048238202	0.0694799774266066	0.000233071290410611	0.41065813689356	0.000233071290653713	0.21885040190569	0.000233071291038783	0.00675433127558895	0.000233071291069433
spot_89	6.44925038794438e-05	0.000368718400672795	0.358178597050538	6.4492503879448e-05	0.462065338678048	0.163104603092667	6.44925040388208e-05	0.00140936241349585	0.0145509178445736	6.44925039383068e-05	6.44925042690064e-05
spot_90	0.00190292525436349	0.169261121311131	0.34404856673219	0.000207203685809687	0.00971472996847722	0.270738024495531	0.000207203685760315	0.000207203685801917	0.198354483434087	0.00515133406103753	0.000207203685809688
spot_91	0.0562965899898685	0.125832040084611	0.0423717832161333	0.00279813118839177	0.528207571114853	0.197563470283889	5.70467714193084e-05	5.70467714847947e-05	9.59577542029453e-05	5.7046772673878e-05	0.0466633160524736
spot_92	2.92896041584922e-05	0.342377503012869	2.92896041584993e-05	2.9289604158491e-05	0.0209575340717118	0.506762457095231	2.92896066724045e-05	2.92896081180249e-05	0.104420959178074	2.92895520086604e-05	0.0253058090628396
spot_93	0.00543728328808802	0.0203540379661898	8.17609753737441e-05	8.17609753734131e-05	0.318190775294324	0.207128836360258	8.1760975333444e-05	0.335275231740109	0.113205030473262	8.17609763156966e-05	8.17609753734141e-05
spot_94	3.1042849131602e-05	0.0987547199146847	0.116585126832472	0.00236815198190772	0.000920672539338421	0.655767830697592	0.125448283788602	3.10428491312453e-05	3.10428491316012e-05	3.10428488558965e-05	3.10428491523136e-05
spot_95	0.0565144404393916	0.0414354250915694	0.19069931392909	8.62054854869193e-05	0.145276877247003	0.449559629403173	8.62054854709859e-05	0.114976886822084	8.62054854869199e-05	0.00119260512575662	8.62054854869265e-05
spot_96	4.08695795947292e-05	0.290951092646008	0.0767404308329513	0.0923288837076338	0.363693121367011	0.0169618467610766	0.159120276786229	4.08695795947279e-05	4.08695795946697e-05	4.08695807101864e-05	4.08695795947177e-05
spot_97	0.0209131164688415	0.135005181214599	0.0806890055677517	6.26645876084651e-05	0.0474223712334105	0.707714286132322	0.00128279050502695	0.00672259052758329	6.26645876084655e-05	6.26645876393754e-05	6.26645876084634e-05
spot_98	0.0267125871526615	0.355446854558754	0.207377810542478	8.63524678856609e-05	0.409858280471349	8.63524678856609e-05	8.63524675281016e-05	8.63524678856609e-05	8.63524678856598e-05	8.63524678004194e-05	8.63524678856666e-05
spot_99	0.0620695981743171	0.187860743858417	6.60608356587946e-05	6.60608356587951e-05	0.333355193033584	0.363231245546185	6.60608356687103e-05	0.0508023900794679	0.00235052519273011	6.60607726543967e-05	6.60608356588007e-05
spot_100	0.012096959137416	0.214649939971813	0.000211284086665018	0.000211284086661193	0.0159187119451054	0.542599551073352	0.208571964583279	0.000211284086691283	0.000211284086810956	0.00510645285554088	0.000211284086664991
spot_101	0.0275619622347595	0.0906711211393751	0.000187649104574437	0.00693097004649819	0.146772881784069	0.25571596619042	0.000187649104572019	0.222265620237011	0.000187649104574436	0.000187649105111357	0.249330881949035
spot_102	0.0311796275133956	0.151471111450027	0.154440316546258	0.00664096582211301	0.41094637542218	0.24253590452905	4.31257943158639e-05	0.00259148384700158	6.48374852580599e-05	4.31257947528702e-05	4.31257956479626e-05
spot_103	0.0052957663538726	0.259820232950528	0.0121995323810392	0.217765837071709	0.0339315737197589	0.431632185586061	8.67715627122707e-05	0.0335813569539746	0.00551320029558811	8.67715613950066e-05	8.67715633608867e-05
spot_104	4.03582345223232e-05	0.0609545097092127	0.0338758035771717	0.000811580624665041	0.416944783791781	0.426711350551967	0.0604954611050399	4.03582345211512e-05	4.5077701510965e-05	4.03582350867491e-05	4.03582345211496e-05
spot_105	0.00390217724005511	0.113085439755927	5.94160578900223e-05	0.0694519390555496	0.174358435634846	5.94160578900524e-05	5.94160578939942e-05	0.638496769763718	5.94160578900541e-05	0.00040815826042981	5.94160579105699e-05
spot_106	0.000134100455495138	0.111621187973438	0.0747304451806447	0.000134100455495132	0.439936300560438	0.26537976154617	0.000134100455461692	0.107527702005163	0.000134100455495127	0.000134100456704878	0.000134100455495129
spot_107	0.0277736905598482	0.000134637101878601	0.18480482084079	0.273379695229885	0.121057457998248	0.289103556287853	0.000134637102360437	0.103207593578266	0.000134637101623153	0.000134637097369819	0.00013463710187865
spot_108	8.62335367753897e-05	0.377596654374819	8.62335367752659e-05	0.218766855035981	0.397739050271417	0.00529380555565519	8.62335367665324e-05	8.62335367753918e-05	8.62335367753779e-05	8.62335414849941e-05	8.62335367753892e-05
spot_109	4.26378946225188e-05	0.0665213824742623	0.260906894764881	4.26378946219858e-05	0.173531371841527	0.465488324930096	4.26378946015098e-05	4.26378946219835e-05	0.0332961986215012	4.2637894621892e-05	4.26378946428355e-05
spot_110	0.133831605846205	0.0109038752410931	0.000152415955627814	0.14359898265514	0.16166088361483	0.428484536801974	0.000152415955650954	0.11920536720573	0.000152415955630942	0.00170508481248634	0.000152415955630944
spot_111	0.0146269570550162	0.0696658228128213	0.0794558408293241	0.0342426474040998	0.122798856837977	0.438921173394031	7.81147456139691e-06	7.81147699640428e-06	0.0649696326380712	7.81148507854628e-06	0.175295634592023
spot_112	4.77488126042268e-05	0.213773213100899	0.0245302978523513	0.0407233099917	4.77488126054428e-05	0.35730245837605	4.77488126204541e-05	0.199195304898304	0.0265785010881011	4.77488126137667e-05	0.137705919442152
spot_113	0.0367221814621969	0.151072214554086	0.207590471030225	0.266793250727554	0.263592079781979	0.0563396697433777	0.00697513403297906	6.78725074337333e-05	0.00797892108393392	0.000275200642667802	0.00259300443356649
spot_114	0.000234822209132845	0.0658405976660332	0.031762538798029	0.143935745913555	0.19052055958387	0.528730489899475	0.000234822209079175	0.001277254774516	0.000234822209117309	0.00280014611771077	0.0344282006194812
spot_115	0.0154266397246216	0.339460793098449	0.0129779162202442	4.06687448905514e-05	0.537059484863203	0.074909848712667	4.06687449550186e-05	4.06687449290549e-05	0.000130143897404632	0.00035875767362797	0.0195544095750081
spot_116	0.160297788635509	0.0820078318471583	0.154179907013745	0.0129001950840517	6.43893939581555e-05	0.4578256153368	6.43893939967313e-05	0.132466715113494	6.43893939044517e-05	6.43893934670685e-05	6.43893939159823e-05
spot_117	0.0274565483751379	0.116429344240662	9.36065915256029e-05	0.0821429341654245	9.36065915959247e-05	0.455381701773184	9.36065919194602e-05	0.318027831894096	9.36065915256443e-05	9.36065933415543e-05	9.36065915873145e-05
spot_118	8.32537345923213e-05	0.195771066880446	0.0355814457030594	0.0216175931650654	0.186782646830673	0.453000955009377	8.32537347307904e-05	0.106830023737905	8.32537336299863e-05	8.32537359299634e-05	8.32537345923202e-05
spot_119	9.34825245075509e-05	0.000107552969954922	0.20392523314288	9.34825245113283e-05	0.148118940262615	0.627373989638443	9.34825272691323e-05	9.34825245113291e-05	0.0199133888683987	9.34824923976645e-05	9.34825245113434e-05
spot_120	0.0912821291091852	0.0343677500526365	0.0647303740436804	0.000106649819163836	0.000106649819164315	0.795810565525089	0.00010664981917416	0.0110168668997674	0.000106649819159201	0.0022590652737789	0.000106649819201245
spot_121	2.12655880427049e-05	0.171389749378033	0.3697767150585	2.12655880427054e-05	0.00209098678506594	0.456593689662302	2.12655880264516e-05	2.12655880386128e-05	2.12655880552337e-05	2.12655878503486e-05	2.1265588042705e-05
spot_122	8.70768652345663e-05	0.0432445537749643	0.0101446644525786	8.70768652362502e-05	0.228121791010715	0.588699122713007	0.129267406855723	8.70768652362582e-05	8.70768652362486e-05	8.70768668325489e-05	8.70768652362487e-05
spot_123	0.0986332950025515	0.116413652271574	0.156039160139286	0.225027461050361	6.27708409323472e-05	0.403509806488027	6.27708412987638e-05	6.27708412868888e-05	6.27708412868908e-05	6.27708421098436e-05	6.27708412868968e-05
spot_124	0.0234095105913502	0.297441525301456	0.180092961279471	0.00645272477545532	0.197474820709913	0.291807165084849	0.0031458563094664	4.38589869674447e-05	4.38589869678998e-05	4.38589871362159e-05	4.38589869678979e-05
spot_125	0.0698735186097152	8.46194219213826e-05	0.0360566431872135	0.00189006739008155	0.202718824484881	0.483242800433357	0.062584350399715	0.0455397068656811	0.0978366701976435	8.46194045884315e-05	8.8179605202955e-05
spot_126	8.75111269470049e-05	8.75111269469959e-05	0.122219460335985	8.75111269469962e-05	0.0737982874717106	0.232444874452182	8.75111288119016e-05	0.57092479979576	8.75111269459013e-05	8.75111808165752e-05	8.75111269469875e-05
spot_127	8.81257380076073e-05	0.0750604545966195	0.0532729389532297	8.81257380075763e-05	0.0288615914059767	0.629098530020915	8.8125737586169e-05	0.213177730620966	8.81257380075824e-05	8.81257126763699e-05	8.81257380076579e-05
spot_128	0.0123525654980145	0.00281792903580001	0.153528466096341	0.505742869498941	0.322319260874364	9.37642118972821e-05	9.376421152622e-05	0.0027503936117535	0.000113458535208711	9.37642142572732e-05	9.37642118972812e-05
spot_129	0.053357770516639	0.325743442769992	9.88906989992421e-05	0.00772628726030215	0.487094387853461	0.013234012852984	9.88906987549931e-05	0.00484168442120787	0.0979321003756061	9.8890699455419e-05	0.00977364185259882
spot_130	0.000122404598552064	0.286805876810155	0.000122404598552064	0.000122404598552063	0.0612346998273494	0.385166160488587	0.000122404598435782	0.0101136045121547	0.255945230814612	0.000122404554498268	0.00012240459855206
spot_131	0.0759911570367103	0.0859835465862868	0.00017356966177128	0.000173569661774896	0.199690629904864	0.546901251120891	0.00017356966167061	0.087043663342085	0.000173569661774896	0.000744790138232051	0.00295068322393941
spot_132	4.05442714474281e-05	0.190721698341459	4.05442714481692e-05	0.0539007677122582	0.618223031249201	0.0770145699339166	4.05442714039244e-05	0.00228943908520988	0.0576477723207032	4.05442715042242e-05	4.05442714479789e-05
spot_133	0.00014304387924201	0.161771290834395	0.0884069273054585	0.000143043879242012	0.289007432976057	0.459130725450351	0.000143043879102434	0.000825360158902678	0.000143043879242016	0.000143043878681548	0.000143043879326105
spot_134	8.25572004942058e-05	8.25572004941914e-05	0.383721490869348	8.25572004942058e-05	0.406296365767485	8.25572004942075e-05	0.0709753136278821	8.25572004942148e-05	0.138428929330694	8.25572016257322e-05	8.25572004942068e-05
spot_135	0.0001446410231074	0.0001446410231074	0.25162644872039	0.000144641023107387	0.296318572454222	0.365688986409866	0.000144641023120028	0.0535485101706042	0.000144641023107405	0.000144641022971443	0.0319496361063973
spot_136	0.135456066916135	0.0472318586638089	6.06655293346279e-05	0.147321868050488	0.014096527963055	0.134131527027497	6.06655294323234e-05	0.517734140585249	0.00378534867624868	6.06655294162048e-05	6.06655293346283e-05
spot_137	0.000204061248764897	0.107398919529495	0.000204061248769376	0.134542417011041	0.17888570916498	0.455537871904024	0.000204061248717186	0.0876952648120915	0.0336665498995864	0.000846116639927624	0.000814967292602134
spot_138	0.00483092930064305	0.039971327146198	0.111966485898808	4.87240588995637e-05	0.600468141885876	0.242447255154314	4.87240589038243e-05	4.87240588995636e-05	7.2240319295404e-05	4.8724059263508e-05	4.87240588995607e-05
spot_139	5.52736175921555e-05	0.188699115746208	0.0907235291133991	5.52736175928653e-05	0.389269342230359	0.330908299606715	5.52736176461828e-05	5.52736175926932e-05	6.80715998007126e-05	5.52736155020983e-05	5.52736175928843e-05
spot_140	6.17720725472341e-05	0.0674383830264993	0.165216483694739	0.122460110729183	0.340989509512786	0.15007314883287	6.17720725446601e-05	0.153513503857161	6.17720725472332e-05	6.17720565760615e-05	6.17720725472286e-05
spot_141	0.0440700098440723	0.247570716219344	0.0514839304344063	5.88458197404282e-05	0.0514109669268857	0.593115438197372	5.88458197495393e-05	0.0120547092789591	5.88458197406343e-05	5.88458199644852e-05	5.88458197654953e-05
spot_142	0.0953054223717576	0.397700930578216	0.00013338087355258	0.187385842252294	0.000133380877809745	0.318674138679515	0.000133380873552835	0.000133380873550456	0.000133380867367173	0.000133380878831659	0.000133380873552903
spot_143	4.76120795990278e-05	0.0934333705445011	0.0833971294007518	0.00457697845636448	0.159515046234549	0.509126391552918	4.76120796008e-05	0.0342962030193593	0.11546443247343	4.76120793270406e-05	4.76120795990279e-05
spot_144	0.0325337617709497	0.201738196514188	0.0486195743781537	0.000129199524563807	0.433758271300161	0.000129199524563807	0.000129199524532631	0.253708104192324	0.000129199524563807	0.000129199524548358	0.0289960942214507
spot_145	0.0183126356940351	0.298753918939184	0.0443314213976753	0.168188703181319	0.40697344756863	0.0428610574978661	9.47456201983309e-05	0.0201906150307061	0.000103963862041433	9.47455884912424e-05	9.47456198540055e-05
spot_146	3.93979797536422e-05	3.93979797535936e-05	0.21464610310528	0.133615532768638	0.533342331061212	0.0696083706747051	3.93979790733328e-05	3.93979797536598e-05	8.19356627624394e-05	3.93979762644508e-05	0.0485087368328045
spot_147	0.141672192571832	0.379540390600297	0.000111103404559635	0.000111103404558144	0.0433197706459891	0.000111103404559699	0.000111103404549045	0.398058300267517	0.0365591107402162	0.000294718151363295	0.000111103404559696
spot_148	0.0821952290192802	0.105705907592351	0.143934260005506	0.0127103469243059	4.17441423256255e-05	0.323210820014195	0.217290115309638	0.003146701317429	0.104902669081389	4.17441420107085e-05	0.00682046245157113
spot_149	0.000110737336508612	0.299038663306756	0.000110737336243836	0.252323476327748	0.00448860182648232	0.320437198178464	0.000512394465971793	0.00670292958354191	0.116053786965476	0.000110737336299601	0.000110737336508613
spot_150	0.0202800515022697	0.267012780968831	8.92714035187322e-05	0.000226682924919103	0.0423159634319377	0.656191122867909	0.0135270412863664	8.92714035249883e-05	8.92714035176008e-05	8.92714036875223e-05	8.92714035187347e-05
spot_151	5.58260200559858e-05	0.04422425097939	5.58260200650288e-05	0.0716897632831568	0.312101633463642	0.52459579062175	5.58260200641703e-05	0.03270488595077	0.0144045456011145	5.58260196815969e-05	5.5826020309388e-05
spot_152	6.16833669745001e-05	0.227708246266569	0.000361140824370209	0.179597264042375	6.16833669711097e-05	0.518444762877859	6.16833669096004e-05	6.16833669745215e-05	6.16833669744882e-05	6.16833670469204e-05	0.0735184857869758
spot_153	9.46171684259341e-05	0.191326465974502	0.0525888914475019	9.46171684259336e-05	0.387983911649696	0.23216199270705	9.46171569173666e-05	0.135371035162138	9.46171684259374e-05	9.46172284901558e-05	9.46171684260072e-05
spot_154	8.52130974725516e-05	0.0664914419782	7.81669334210275e-05	0.00386593708426856	0.00828252642318111	0.316931522999545	7.8166933415247e-05	0.488376624171655	0.115654066512543	7.81669328779417e-05	7.81669334210257e-05
spot_155	0.0636677005407373	0.0558295179042219	0.149000628323972	0.1846633266427	0.279788845360578	0.1638629344	0.00193366905184098	0.100639439368801	0.000204646134961792	0.000204646137224385	0.000204646134961783
spot_156	8.08494230385446e-05	8.08494230385445e-05	0.126097641456695	0.0005025509801029	0.0587145943548853	0.36787411204718	8.08494233566306e-05	0.320200113118244	0.0397743073539623	8.08494225344935e-05	0.0865132829969626
spot_157	8.25604588581956e-05	0.000280933953160167	0.582474371715828	8.25604588581928e-05	0.396471120705424	0.0102415126759223	8.25604588585864e-05	8.25604588581932e-05	0.010036698196463	8.25604589103664e-05	8.25604588581925e-05
spot_158	8.61013344857669e-05	8.61013344857636e-05	0.0541634822522314	8.6101334485784e-05	0.44059443814247	0.110853233830042	0.00472232190283504	0.293104848691882	0.0961311685099827	8.61013326138772e-05	8.61013344857867e-05
spot_159	8.21285454906043e-05	8.88041380449213e-05	0.263617967379187	8.2128545579146e-05	8.21285454560034e-05	0.45928081251984	8.21285454894306e-05	0.276408747075492	8.2128545490604e-05	8.21285468943706e-05	0.000110897613035721
spot_160	0.0711598561007619	0.319410204915787	0.0407047140258823	0.000172890927615089	0.00017289092772518	0.255642383679759	0.000172890927632942	0.303173794997453	0.00730459901672406	0.00191288355302314	0.000172890927636334
spot_161	0.0104523681784435	0.0869309325265483	0.790073268528224	6.20867269739385e-05	6.2086726988136e-05	0.0889695132196669	6.20867269651227e-05	0.016347786644896	0.00691569726729473	6.2086727033833e-05	6.20867269660594e-05
spot_162	8.90952336756356e-05	0.393625258533292	8.90952336731044e-05	8.90952336734643e-05	0.100895400912536	0.445837603244718	8.90952336734608e-05	0.0590180706718898	8.90952336734805e-05	8.90952355213949e-05	8.90952336735253e-05
spot_163	6.36448335810444e-05	6.36448335810406e-05	0.120586093788048	0.00407107019107233	6.36448335919322e-05	0.728692707773632	6.36448340933405e-05	0.146204614409215	6.36448335810402e-05	6.36448360237165e-05	6.36448335810748e-05
spot_164	0.0777069828476884	0.0890799658141415	5.98528434678632e-05	5.98528434740121e-05	0.0904947262549887	0.713875333708959	5.9852844517231e-05	5.98528434740163e-05	0.0284838743239886	5.98528318270151e-05	5.98528434740114e-05
spot_165	0.0538391851224682	0.138632900117638	0.0762391658951112	6.4027603429319e-05	0.0137271920580751	0.583766041636429	0.13347537715316	6.40276034293214e-05	6.40276034258561e-05	6.40276033725868e-05	6.40276034606331e-05
spot_166	0.00220099061385928	0.106312143874832	0.015843489299586	0.000137699460800591	0.193675780481289	0.653222142951297	0.0261741434084533	0.00013769946079891	0.00013769946080059	0.00202051152748265	0.000137699460800591
spot_167	6.08572189424682e-05	0.125523146885937	0.156508968285158	6.08572189403048e-05	0.555185092861356	0.162329900807306	6.08572188892123e-05	6.08572189353797e-05	8.77478464603141e-05	6.08572187668469e-05	6.08572193078989e-05
spot_168	0.0546471796830401	0.0589161839932384	0.123657885006542	5.75116874564434e-05	0.313157510823263	5.75116874564556e-05	5.7511688767625e-05	5.75116874564652e-05	0.449276170367027	5.75116869104764e-05	5.75116888425018e-05
spot_169	0.00368979108048963	9.77037037341473e-05	0.116249590318521	6.16206758520222e-05	0.361737104838354	0.409992958714838	6.16206758460841e-05	0.103308170315484	6.16206758422912e-05	6.16206753609373e-05	0.00467819832567783
spot_170	0.0494195556654845	0.0592840608313952	5.76550007324314e-05	0.00546980866691265	0.23883394903319	0.564066246126108	0.0627015647935697	5.76550007307651e-05	0.0199941948807493	5.76550003968094e-05	5.7655000730764e-05
spot_171	0.0425466279409099	0.0208406725599269	0.176492971869268	0.000133230460707591	0.508341164849322	0.209725157943632	0.000133230460719205	0.0413872524997317	0.000133230461088827	0.000133230493986133	0.000133230460707596
spot_172	9.1655818198639e-05	9.16558181986089e-05	0.25180292629863	9.16558181986722e-05	9.16558226565559e-05	0.449702528366416	9.16558193773422e-05	0.297761298777641	9.16558317469727e-05	9.16558107376774e-05	9.16558181986848e-05
spot_173	3.59516107172522e-05	0.104523706507924	0.106580186728507	3.20933829166965e-05	0.00728259879991433	0.475673679235087	3.20933841852729e-05	0.305743410172424	3.20933829207548e-05	3.20934124869318e-05	3.20933829166963e-05
spot_174	0.268339541022257	0.0199691217616461	0.0568062813539615	0.000156597167427155	0.000156597166445871	0.471319624838497	0.0518678641640385	0.122596550788378	0.000156597167560404	0.00620747590403206	0.0024237486657562
spot_175	5.81711031046004e-05	0.185231408631444	0.0841338377582976	0.0734479723056634	0.162594448419658	0.126831922672718	5.81711031147078e-05	0.367469554698999	5.8171103135247e-05	5.81711007605113e-05	5.81711031046015e-05
spot_176	0.00642857759557435	0.202417098760204	0.0142062666026646	0.110926812725225	0.110068437519466	0.389127299820274	0.00579963880099505	0.129838534196911	0.030933311714581	0.000127011130533732	0.000127011133570898
spot_177	0.0571309795537137	0.0758616253524444	0.00844029255902871	0.000154801386962135	0.449170035797659	0.405970423097569	0.00015480138695443	0.000154801386966769	0.00015496916101774	0.00265246893072147	0.000154801386962136
