B	CD4Tconv	CD8Tex	Endothelial	Fibroblasts	Malignant	Mast	Mono.Macro	Myofibroblasts	Plasma	Tprolif
spot_1	0.0449914768078209	0.324036417810416	0.40623696861476	5.84941112244467e-05	0.22432567798831	5.8494111225063e-05	5.84941111901748e-05	5.84941112245654e-05	5.8494111225328e-05	5.84941113792043e-05	5.8494111225059e-05
spot_2	0.0512747073574456	0.102724252193918	5.70305487593595e-05	0.0109253960522625	0.000152289046635412	0.61365507815487	5.70305485947578e-05	0.220982175136062	5.70305487504106e-05	5.70305487444034e-05	5.79798639569682e-05
spot_3	0.0228765712100575	0.297213521454319	0.0995089155270606	0.000108469649061212	8.95016089322967e-05	0.388324304601528	8.95016089725131e-05	0.0548293500149648	0.136780861107655	8.95016085908475e-05	8.9501608859073e-05
spot_4	0.0122438631913613	0.217346335522549	0.016539148779011	2.91617835821226e-05	0.121652601160066	0.618660956068581	2.91617835463518e-05	2.91617835732741e-05	2.91617835820042e-05	2.91617844653415e-05	0.0134112863596826
spot_5	0.0466801026862345	0.211253723185571	0.000102485052807995	0.000102485052803934	0.151944277485097	0.528111041431266	0.000102485052740978	0.0613545740328648	0.000102485052807529	0.000143855914999205	0.000102485052807528
spot_6	0.0389792279530755	8.38892817714601e-05	0.0493985147699235	0.285756171694136	0.230741571195783	0.316968676334291	0.00292263395751544	0.074897646968053	8.38892817565183e-05	8.38892819227033e-05	8.38892817714411e-05
spot_7	9.44765487254235e-05	0.134364445802394	0.237188171344202	9.44765487424973e-05	9.44765486037483e-05	0.573234312015124	9.44765487508089e-05	0.0526313832854699	9.44765484469857e-05	0.00201482826080647	9.44765487340001e-05
spot_8	0.0474212027344594	0.11897336832361	0.000154265564661601	0.299395980244962	0.000154265564808928	0.532665277461733	0.000154265564684494	0.000154265564643347	0.000154265564664701	0.000618577847107166	0.000154265564664702
spot_9	0.000139796343075897	0.226715827518826	0.000139796343076579	0.0577669106262862	0.297599509675885	0.212751720645364	0.000139796343103215	0.20432725348603	0.000139796343075898	0.000139796332201664	0.000139796343075896
spot_10	0.0132790153004334	0.0407217086289933	0.0831174083171212	0.144869279530322	0.620870816573157	2.15539867308685e-05	2.15539867184396e-05	2.15539867270955e-05	0.0915815811636985	2.15539865174181e-05	0.00547397453958085
spot_11	0.0473202240078608	0.242965156259037	0.00454980554534986	0.000126366473992031	0.211725086274953	0.37431933633779	0.118488559202561	0.000126366473991603	0.000126366473992032	0.000126366476480991	0.000126366473992027
spot_12	0.205442338294697	0.434306839483955	0.000153472725765762	0.000153472725765763	0.13453504136062	0.000153472725763275	0.000153472726137064	0.0668381678041493	0.157956776704053	0.000153472723327605	0.000153472725765781
spot_13	7.90070788648637e-05	0.505268560251762	7.90070788694292e-05	0.0786001500925229	0.0632940811503668	0.00619762471609106	7.9007078937934e-05	0.340169897408239	0.00607465098646457	7.90070790120909e-05	7.90070788694429e-05
spot_14	3.86458224763513e-05	4.37810093950007e-05	0.310458300457596	3.86458224761408e-05	3.86458225314191e-05	0.00974194291716586	0.139161499231254	0.538542482080167	0.00185876519162658	3.86458227855706e-05	3.86458225267468e-05
spot_15	9.157548772967e-05	0.135168946446703	0.174282618349212	0.483880088828033	9.15754877276941e-05	9.15754877297128e-05	9.15754877805592e-05	0.0991340226387926	0.106984870812732	9.1575485831681e-05	9.15754877291364e-05
spot_16	0.137169946705701	0.278456058901876	0.117195458272993	9.93095154994413e-05	0.23621184277803	0.225968912081364	0.00227982476997019	9.93095155033053e-05	9.93095155033066e-05	9.9309516863383e-05	0.00232071842669712
spot_17	0.0527386305301709	0.128874836122622	0.275525160563341	0.00348466259852055	0.125942550535982	0.409875090976859	0.00024694027820107	0.000246940278181762	0.000246940278184744	0.00228849110266451	0.000529756735272888
spot_18	5.47949150225428e-05	5.47949150225357e-05	0.151208204029022	5.47949150225376e-05	0.258626884941645	0.181363886014627	5.47949152322922e-05	0.408417460612764	5.47949150225407e-05	5.47949115969985e-05	5.47949150225282e-05
spot_19	0.023881421231712	9.39488862992326e-05	0.300698666828462	9.39488862992346e-05	0.114936426311642	0.559479931256459	9.39488866195312e-05	0.000398385286046326	9.39488863048489e-05	9.39488882491356e-05	0.000135424651906402
spot_20	0.0305460451707059	0.0184550358860737	7.83355870529828e-05	7.83355870552729e-05	0.379386026900526	0.504508108907726	0.0602062068890588	7.83355870552756e-05	0.00650689830907627	7.83355886123782e-05	7.8335587057566e-05
spot_21	8.45347655207528e-05	8.45347655207441e-05	0.225701288139424	0.16121946398497	0.0867863777040696	0.525701126789848	8.45347672581594e-05	8.45347655262135e-05	8.45347619491023e-05	8.45347912156356e-05	8.45347646974088e-05
spot_22	4.16739785420244e-05	0.114485254629702	0.164093089710262	4.16739785408766e-05	0.361107891759284	0.35866337585548	0.00140034417313997	4.16739785408747e-05	4.16739785334016e-05	4.16739794090472e-05	4.16739785653837e-05
spot_23	0.0101687138909851	0.385364961251847	0.000132147348728549	0.263572667249107	0.063073179475457	0.272988039389847	0.000132147348789782	0.000132147348735821	0.000132147348728553	0.00013214734871101	0.0041717019990624
spot_24	4.36812446472765e-05	0.380760666291994	4.36812446472752e-05	4.36812446467499e-05	0.417776452938059	0.0275730421408364	4.36812446604702e-05	4.36812446433659e-05	0.0237077873000058	4.36812445856544e-05	0.149919963861275
spot_25	0.066448106734864	0.000130811394368755	0.214295404679337	0.0115831236372947	0.000130811394278768	0.44321146528452	0.000130811394331857	0.215961391354112	0.0244717405212443	0.000155740312616997	0.0234805932930313
spot_26	0.0619618048258005	0.0293676861184194	0.0727249877377367	4.0297357499523e-05	4.02973574965786e-05	0.603927621759123	4.02973574513543e-05	0.174045124865109	0.057755678052883	4.02973567760966e-05	5.59072117042444e-05
spot_27	3.13956704353663e-05	0.137454707821419	0.384075531956122	3.13956704337217e-05	3.13956704695528e-05	0.424891078642429	3.1395670311793e-05	3.13956704327268e-05	0.0533589118866121	3.13956709056236e-05	3.13956704289838e-05
spot_28	7.59095973524526e-05	7.59095973524839e-05	0.245621609345458	7.59095973524617e-05	0.355454696956576	0.310143380181273	7.59095963586584e-05	0.0882211545389611	8.07667064936171e-05	7.59096170167449e-05	9.88442658053605e-05
spot_29	5.82722526047874e-05	0.0768472478807908	0.30167882377187	5.82722526047898e-05	0.409034976213415	0.0483788038208047	0.065031034314923	5.82722526120549e-05	0.0987377527334861	5.8272253816999e-05	5.82722530722984e-05
spot_30	0.180887253300432	6.71410984485793e-05	0.0740313726161147	0.000526586319715127	0.032025747374615	0.0479654454858186	6.71410982934687e-05	0.634314241269898	6.71410984433123e-05	0.00015348949639186	0.02989444084183
spot_31	0.0464417207676873	0.0964721966403545	0.423543594764169	0.0142586859545735	4.58385786917451e-05	0.000635394863337267	4.58385787164512e-05	0.408194375573198	0.00110325998211213	0.000302717980347274	0.00895637631681278
spot_32	7.57994279363351e-06	0.264443417268227	0.404062994123147	7.57994279330387e-06	0.311327006203538	0.0153963403295312	0.000231792880317817	0.00450054946542845	7.57994317882234e-06	7.57995825168221e-06	7.57994279363443e-06
spot_33	0.100972707522662	0.0582358937032055	0.000169580324682055	0.282267509427398	0.39223326118286	0.000169580324672969	0.000169580324491619	0.000169580324689373	0.165039843419583	0.000402883121062615	0.000169580324692526
spot_34	8.61080502533674e-05	0.000111894527664753	0.220836644632078	0.0228236922176072	0.0502716686898933	0.351003612874541	8.61080502415183e-05	0.344476227563302	0.010131827287201	8.61080569642488e-05	8.61080502533647e-05
spot_35	0.000116264102277556	0.000138989053181011	0.367289778930773	0.00833969125038169	0.284359971480415	0.153290570618624	0.000116264102279431	0.185332003843698	0.000783938407123068	0.00011626410897002	0.000116264102277554
spot_36	0.00707368221121657	0.363797739202416	0.155398405201992	3.7942684417527e-05	3.79426843863815e-05	0.473449015448537	3.79426844174541e-05	3.79426844417922e-05	3.79426841497192e-05	5.35018296057526e-05	3.7942684419463e-05
spot_37	2.91794915181319e-05	0.0110400962985178	0.195017974760765	0.0671214120446635	0.145301646111434	0.235828040047496	2.91794915600424e-05	0.341033815883252	2.91794915181e-05	2.91794885521895e-05	0.00454029689072459
spot_38	0.0243197850901825	0.000220856604096161	0.0572912688857191	0.372792414824692	0.387236658502683	0.131001283647744	0.000147035060305545	0.000147035060325022	0.000217967237657498	0.0019913249707828	0.024634370115813
spot_39	0.103779833455091	0.061755113026522	0.0929681234247453	6.84094408304371e-05	6.84094410503812e-05	0.636937505484262	0.104148967964332	6.8409440847696e-05	6.84094408248245e-05	6.84094406642993e-05	6.8409440830373e-05
spot_40	0.00020863746897712	0.165319560753794	0.173495355290665	0.00303977298529677	0.0970095613080436	0.301836758901516	0.0292513478346786	0.148673653952941	0.0807480765624045	0.000208637472706143	0.000208637468977121
spot_41	5.80241098804363e-05	0.125588093254592	5.80241098779416e-05	0.145979240996418	0.196310512341689	0.444095984559144	5.80241099967827e-05	5.80241098766729e-05	0.0876780241894191	5.80241092284935e-05	5.80241098783319e-05
spot_42	6.48363865883336e-05	0.0244151939403431	0.0962653545379106	0.206124377220718	0.274426881919396	0.378571209841369	6.48363863909059e-05	6.48363865930915e-05	0.0198728006075843	6.48363865171662e-05	6.48363865891499e-05
spot_43	0.102109115458379	0.186852141436974	0.000155097631271711	0.0755915842979667	0.0323075362633685	0.506935895461475	0.000155097631271078	0.0954282389257569	0.000155097631150267	0.0001550976310943	0.00015509763129225
spot_44	0.0499753201346487	0.165807443210508	0.33129277781058	2.92133716413961e-05	0.1069008997842	0.00240016872996639	2.92133715520098e-05	0.343477323471594	2.92133716421593e-05	2.92133720271029e-05	2.92133716404627e-05
spot_45	0.186626827609252	0.00952628883879355	0.0877918605467536	5.55539290521692e-05	0.369366288669502	0.346355410761571	5.55539288596077e-05	5.55539290521687e-05	5.55539290521687e-05	5.55539290589534e-05	5.55539290521686e-05
spot_46	0.148617597459995	0.515029265822702	0.0778903640841222	0.0265365572755592	0.0188576570344785	0.209431240498339	6.85034582934014e-05	6.85034582426268e-05	6.85034582385527e-05	6.8503458223569e-05	0.00336330399180513
spot_47	0.000168466981339997	0.000187570545501709	0.143793778547878	0.0048249867448355	0.39544360443511	0.0472559197411017	0.00123725029472087	0.406682051997899	0.000130039616924795	0.000130039630376214	0.000146291464312185
spot_48	0.175983231027226	0.000238487049106317	0.347154017206708	0.0001246900604124	0.0011367749945737	0.184930536724874	0.0025526033625058	0.00012469006041196	0.287505589394147	0.000124690059622174	0.000124690060412401
spot_49	8.01269648640527e-05	0.417768235865174	8.01269648640496e-05	0.179062962228326	0.0816450279059231	0.244781668056709	8.0126964745338e-05	8.01269648630594e-05	0.0762613441513893	8.01269682784444e-05	8.01269648640521e-05
spot_50	0.0442519399044432	0.38835782349543	0.0443382213768156	0.00619580001137029	0.00063119453522518	0.515934522173881	5.80997008499597e-05	5.80997004634701e-05	5.80997004515821e-05	5.8099700682439e-05	5.80997003870929e-05
spot_51	0.0191223950534353	0.0787845202429384	0.177655841400745	0.00518670859023866	0.00690181370608698	0.701983600624093	4.89183305120371e-05	4.89183305103117e-05	4.89183305140442e-05	4.8918330493921e-05	0.010169447060432
spot_52	0.075213910236151	0.000109907080167747	0.228352012082899	0.348978123419247	0.344260035339777	0.00265943423791931	8.2936684979488e-05	8.2936682818481e-05	9.48308636716173e-05	8.29366895519516e-05	8.29366828184805e-05
spot_53	0.0590738491457488	6.04637453277104e-05	0.113402215373452	0.0253861140585522	0.544252795729521	0.201861555877911	6.04637452985146e-05	0.054024509327383	0.00175710550429895	6.04637471789626e-05	6.0463745327716e-05
spot_54	6.17033257909592e-05	0.150741750560019	6.17033257902483e-05	0.118266176999618	6.17033258529287e-05	0.690826086882447	6.17033258380768e-05	6.170332540503e-05	0.0268298438079701	6.17033264338558e-05	0.0129659217948352
spot_55	0.0176611076026157	0.0511944664208628	0.0432801502458696	3.02337306966771e-05	3.0233730687347e-05	0.609604489731933	3.02337306396637e-05	0.278078383614156	3.02337307805715e-05	3.02337310619139e-05	3.02337306966694e-05
spot_56	0.00794471171086976	0.000121828033643985	0.251892256911293	0.000121828033643985	0.198889892824004	0.327104790138747	0.000121828033255518	0.21343738021407	0.000121828033643989	0.000121828032810417	0.000121828034018725
spot_57	0.114097485830236	0.20061030336003	8.91851701456881e-05	8.91851701250166e-05	0.43958469263297	0.245060797599824	0.000111609556140042	8.9185170144578e-05	8.91851701456883e-05	8.91851700932237e-05	8.91851701456905e-05
spot_58	4.21487180475665e-05	0.184825440009179	0.0696716238537741	0.0358376790860152	4.21487180402286e-05	0.709282431810714	4.21487173894476e-05	4.21487180505037e-05	4.2148718047034e-05	4.2148712727494e-05	0.000129932938015614
spot_59	0.000124517999431329	0.0728842375557477	0.000124517999431954	0.122371540276687	0.305319755072213	0.000124517999431348	0.000124517999672042	0.271226799941088	0.226662143104298	0.0001245180004064	0.000912934051593179
spot_60	5.87934166407753e-05	0.0388668793918817	0.104950930259875	0.0015868355930367	0.274117289275121	0.499801639532666	5.8793416587302e-05	5.87934165871114e-05	0.0803822732570233	5.87934154591976e-05	5.89790251220596e-05
spot_61	8.7675595011517e-05	0.567704598331298	8.76755950114894e-05	0.424057645326272	0.00628928328203076	8.76755950114979e-05	8.76755949091142e-05	8.7675595049204e-05	0.0013347438963189	8.76755940760762e-05	8.76755950115072e-05
spot_62	0.0474072501863328	0.373166337400714	0.000175338248429243	0.50715913011231	0.000175338248507069	0.000175338248451507	0.00017533824858301	0.0678904463513702	0.000175338248429247	0.00332480645844382	0.000175338248429241
spot_63	0.0311239729380326	0.092419231469497	0.0842605934006887	4.31687532487993e-05	0.396864016860944	0.116271466726095	4.31687533743662e-05	0.278842174604678	4.5868986815112e-05	4.31687533768663e-05	4.31687532487991e-05
spot_64	0.0569480160426377	0.262767380676286	8.59965589883559e-05	8.59965589883728e-05	0.194130591206378	0.0420624245050743	8.59965589967959e-05	0.404611991149232	0.0390496136250837	8.59965593471309e-05	8.59965589883699e-05
spot_65	0.0199997454337633	0.137820937937986	0.299238063453264	0.00843929118438571	0.00496511376801979	0.52014629459155	3.29300380904953e-05	0.00267528011850464	0.00661648337923292	3.29300574791493e-05	3.29300377242622e-05
spot_66	0.00347049163004252	0.0002737544492337	0.18477282267317	5.71755681462546e-05	0.46082846234	0.333568267394086	5.71755680266245e-05	0.0167946096853087	6.28895491494415e-05	5.71755746897506e-05	5.71755681462598e-05
spot_67	0.00013647345476901	0.000471230385591389	0.241509837372615	0.000136473456392077	0.263950120577972	0.424884749003579	0.0683652220859678	0.000136473456384608	0.000136473456881839	0.000136473293454058	0.000136473456392151
spot_68	0.0537777611703464	0.271074543841214	0.0823971150185419	0.00960366308076884	0.13427688609127	0.258883044216396	0.000138885350730673	0.000138885350741416	0.189431445176794	0.000138885352461509	0.000138885350735731
spot_69	9.75459612880713e-05	0.0567839678829695	9.75459612884384e-05	9.75459612884623e-05	9.75459610584779e-05	0.575188517097536	9.75459611897275e-05	0.367247147333277	9.75459612950136e-05	9.75459575400798e-05	9.75459612687875e-05
spot_70	0.00167989051227367	0.336528643097224	8.9584865504984e-05	0.000214436167007812	8.95848651676832e-05	0.634171878045597	8.95848651314711e-05	8.95848654393427e-05	0.0268676430095949	8.9584841553844e-05	8.95848655049856e-05
spot_71	0.0724096270182609	0.407189873123222	0.00143645577375098	0.000144413738978416	0.0013629888923823	0.515631886598241	0.000144413739013874	0.00014441373883279	0.000144413739262384	0.00124709989906768	0.00014441373898772
spot_72	0.00612712488050466	0.237305467690624	0.000125895937407549	0.0793541733585531	0.218357519566733	0.391114913245563	0.0596004546758829	0.000125895937400813	0.00763676283355022	0.000125895936373646	0.000125895937407549
spot_73	0.00469489076593367	7.964300823184e-05	0.129362988451592	0.0652268951144112	0.0196790146493064	0.395007188475112	7.96430082341139e-05	0.334813599361022	0.0508968511480758	7.964300984968e-05	7.96430082318373e-05
spot_74	8.8496620864599e-05	0.479060053092631	8.84966208557097e-05	0.00108087636813492	8.84966207589429e-05	0.518700046565011	8.84966205946111e-05	0.000539547628655359	8.84966207032383e-05	8.84966209344611e-05	8.84966208557163e-05
spot_75	0.0204812092953955	0.208907156869941	0.0923674803441662	0.411587383559252	9.63838568050018e-05	9.638385679256e-05	9.63838566460732e-05	0.266078466790308	9.63838567937906e-05	9.63838565247984e-05	9.6383857375963e-05
spot_76	0.154115305678712	0.0376521134031505	0.443363001291568	6.73737888897656e-05	0.0319644763508172	0.317045928699558	6.73737890628018e-05	0.01552230563158	6.73737889266992e-05	6.7373788808244e-05	6.73737889263965e-05
spot_77	9.74782230436195e-05	0.000100982863537904	0.463833634561783	9.7478223043622e-05	0.148711893252957	0.339165310277068	9.74782231069624e-05	0.0454962489805516	0.00220453894876565	9.74782230989723e-05	9.74782230435966e-05
spot_78	0.047302044478609	0.160252037386278	9.73058769038278e-05	9.73058769039775e-05	0.386729419371032	0.405019283829016	9.7305877672824e-05	9.73058768965633e-05	0.000113379669292997	9.73058805097911e-05	9.73058768847068e-05
spot_79	4.27688666126794e-05	0.0567476201019734	0.190666607247835	4.27688666126802e-05	0.496021825488072	0.0581623934416151	0.000320317218070879	0.197867392170857	4.2768866612686e-05	4.27688651259613e-05	4.27688666126895e-05
spot_80	6.05212460862454e-05	0.0966427636227803	0.080482097079727	0.410206390469685	0.230703606230391	0.17485439811498	6.0521244892474e-05	0.00680813826350448	6.05212472567848e-05	6.05212346112831e-05	6.05212460862662e-05
spot_81	0.0719125518845379	0.10350224415353	0.000221553325799419	0.0613646426302666	0.197169388716771	0.258982447067266	0.000221553325670682	0.303802693598419	0.00126169258870541	0.00133967938323157	0.000221553325802127
spot_82	0.111343693810104	0.21057208734988	0.0634243854755994	0.295987696921315	0.144221458787402	2.86213090941055e-05	0.000636672479724474	2.86213090982345e-05	2.86213090941138e-05	2.86213079107641e-05	0.173699519940779
spot_83	0.0100230347850093	8.22390266518046e-05	0.104895337711157	5.63428690868313e-05	0.102730405950945	0.705025312745763	0.00166977204890107	5.63428690868311e-05	0.0753485262513871	5.63428732884776e-05	5.63428687234058e-05
spot_84	4.50001687959384e-05	0.0406075213482726	0.0444434191628135	0.0118775180912824	0.545300873199924	0.108464758172183	4.50001685906769e-05	0.249080909185886	4.50001686843788e-05	4.50001647719503e-05	4.50001687959397e-05
spot_85	0.234131575466816	0.161811859943841	0.124166500739011	5.18183776658439e-05	5.18183776466508e-05	0.410935686491893	5.1818377589509e-05	0.0655300333606354	5.18183776458873e-05	5.18183777359242e-05	0.0031652521095192
spot_86	0.0192301353598691	0.212964272069165	0.247032106450688	6.27829336142299e-05	0.036181925633002	0.320671667637121	6.27829335975699e-05	0.15641040328118	0.00629258476064568	6.27829337849842e-05	0.00102855600733336
spot_87	0.0122811185006383	0.256044373714424	0.204694776946076	3.64676829748101e-05	3.6467682930762e-05	0.465965500759159	3.64676829945142e-05	3.64676829840214e-05	3.64676829230887e-05	3.64676830113324e-05	0.0607954239818842
spot_88	0.0362681301039904	0.000251537402469748	0.248454917915964	0.104082467936599	0.00025153740230588	0.371133615597468	0.000251537402844843	0.235191580106874	0.000251537402467803	0.00361160132654687	0.000251537402469746
spot_89	4.41552647964078e-05	0.000555505835021803	0.400800025306537	0.00315031487471992	0.432380406028024	0.154669921168967	4.41552647908944e-05	4.41552647964081e-05	0.00822305046666346	4.415526088646e-05	4.41552647964349e-05
spot_90	0.0132327321768683	0.231168122382822	0.283885983397722	0.000140043795805162	0.021847153921081	0.260463853344839	0.000140043795689348	0.000140043795883495	0.185831692831781	0.00301028676170298	0.000140043795805162
spot_91	0.0357994162963728	0.16420166429961	0.0262976151114107	0.0049893270446179	0.499986446993933	0.244548292542017	1.90836305363279e-05	1.90836305414041e-05	3.18323259664086e-05	1.90836306217291e-05	0.0240881544943722
spot_92	1.40351497788442e-05	0.330192817468116	1.40351497788455e-05	1.40351497788479e-05	0.0278393903744779	0.509112204612343	1.40351490183855e-05	1.40351497840955e-05	0.110873512237909	1.40350426189833e-05	0.0218978645163965
spot_93	0.00315800953281443	0.00806633913707597	5.78967856071433e-05	5.78967856100709e-05	0.337155236677925	0.234497471214098	5.78967840344117e-05	0.320704987970595	0.0961284715615794	5.78967650505115e-05	5.78967856100718e-05
spot_94	2.25646226601193e-05	0.0269506119398866	0.185530961022817	2.25646226620223e-05	2.25646226304162e-05	0.630900425441419	0.154930153687141	2.25646226647771e-05	0.00155246017331719	2.25646221417005e-05	2.25646226604033e-05
spot_95	0.0365454449890265	0.0183772715177319	0.237483310806963	4.1322796863901e-05	0.141038115480576	0.452765127132015	4.13227968240299e-05	0.112993590745602	4.13227968639018e-05	4.13227967202288e-05	0.000631848140814282
spot_96	0.00890534159966717	0.240428238519848	0.0937968945956503	0.0868840001583623	0.360800575168446	0.0243593039885612	0.184486558057927	8.47719797966776e-05	8.4771979796678e-05	8.47719721483155e-05	8.47719797966777e-05
spot_97	0.0186967722367015	0.151370434734595	0.0531958994836067	6.17888358837812e-05	0.0479302177371418	0.72843594279925	6.17888357702234e-05	6.17888358734198e-05	6.17888358845505e-05	6.17888294084142e-05	6.17888358845498e-05
spot_98	0.0522277612560326	0.425559271089845	0.135341929783552	8.60590670480241e-05	0.386268624403395	8.6059067090667e-05	8.60590667763078e-05	8.6059067063726e-05	8.60590665596542e-05	8.60590662022514e-05	8.60590664352116e-05
spot_99	0.0558118031664982	0.149206913558407	0.0506001213172802	0.00227606204831107	0.354404847945833	0.345978138297938	3.17534519620737e-05	0.0415950998086404	3.17534519592859e-05	3.1753501212045e-05	3.17534519592794e-05
spot_100	0.00822417492951944	0.184354027457914	0.000149871849212036	0.000149871849154853	0.0161660473296935	0.597478166666911	0.189977739522265	0.000149871849224399	0.000149871849564823	0.00305048484732666	0.000149871849214434
spot_101	6.67523626203249e-05	0.108598379506549	6.67523626203331e-05	6.67523626333486e-05	0.142956313753689	0.223888913338304	6.67523626316148e-05	0.247880746201343	6.67523626203255e-05	6.67523613324342e-05	0.276275133025657
spot_102	0.0106828636878674	0.143460030364894	0.17372181696792	4.23693570171147e-05	0.385256408624976	0.2866238509335	4.23693571380136e-05	4.2369357017115e-05	4.31826370331324e-05	4.23693556198234e-05	4.23693570171149e-05
spot_103	8.59331965081221e-05	0.293117905886536	0.00882477404978651	0.205443425252837	0.0253394381970741	0.42713498693776	8.59331959462329e-05	0.0256488682951837	0.0141468685912465	8.59332002376564e-05	8.59331968846306e-05
spot_104	4.27932651428567e-05	0.0549326543982695	0.0661059012550271	4.27932651391203e-05	0.423486631250079	0.389538133029071	0.0647982882353538	0.000924425512730287	4.27932651223913e-05	4.27932589267863e-05	4.27932651391056e-05
spot_105	0.000306220907354064	0.0834881925948113	6.05129763255506e-05	0.0627677419419328	0.166193948912791	6.05129763247754e-05	6.05129763007085e-05	0.686876138784737	6.05129763255556e-05	6.51919767718805e-05	6.05129763254976e-05
spot_106	4.5488435890366e-05	0.0748258880094689	0.105341359143394	0.000374101013102213	0.389777498775818	0.316678686408547	4.54884358642963e-05	0.112775024469061	4.54884354371112e-05	4.54884375273688e-05	4.54884358903731e-05
spot_107	0.000163793083874845	0.000133315078725163	0.231761523114424	0.274107848071018	0.099490272169238	0.292409061178499	0.000133315078936614	0.101348560357833	0.000133315078161628	0.000133315101730527	0.000185681687560175
spot_108	8.68470158313539e-05	0.388860015096247	8.68470158275972e-05	0.226138180158547	0.384291825915856	0.000102049716458123	8.68470159609075e-05	8.68470158313531e-05	8.68470158424504e-05	8.68470179311183e-05	8.68470156670153e-05
spot_109	4.25350859676955e-05	0.119134335103367	0.162164335390349	4.25350859676953e-05	0.139537596357037	0.517855769097054	4.25350854738886e-05	0.00197610724321758	0.0591191813799615	4.25350856364123e-05	4.25350859676913e-05
spot_110	0.0747063970459172	0.0352304547668771	0.000158907748182133	0.11893394167227	0.162307300811655	0.441765399153231	0.000158907748201306	0.165201795037407	0.000158907748187691	0.00121908051988555	0.000158907748185596
spot_111	0.0211517516413351	0.0173471384104689	0.143185928701697	0.0246877480715449	0.136611930450782	0.533953683232714	2.68380910739171e-06	2.68381280457583e-06	0.0304400163366393	2.68383287047782e-06	0.0926137517000363
spot_112	3.34343851108252e-05	0.235472236837523	0.0285075825916692	0.0425832218286115	3.34343832455994e-05	0.342382963704177	3.34343850445774e-05	0.188884603008968	0.0214529395652312	3.34343854374133e-05	0.140582714924981
spot_113	0.0243739488120776	0.0131511067513852	0.346578972508062	0.265343863222012	0.278173639707937	0.0472250206253492	0.00155505729669295	4.80916937836828e-05	0.00206778548631794	4.80916935121169e-05	0.0214344222028706
spot_114	0.00583611468507668	0.0438116228646171	0.0253829912365558	0.102973013947048	0.206564854036943	0.562910826928985	0.00023493337846834	0.000870780729525942	0.00810010508225477	0.00171000215027713	0.041604754960248
spot_115	0.00806597095598198	0.319986905393445	0.0010547812975581	0.00211136432008087	0.578282222826945	0.082435424564609	4.07320674749075e-05	4.07320674922243e-05	0.000188176047780233	0.00041274895432305	0.00738094150430905
spot_116	0.137792147297518	0.0614528258984793	0.22527245285953	0.00813739138558505	4.386537894153e-05	0.424459120351181	4.38653788719112e-05	0.142666735312926	4.38653789222324e-05	4.38653790900179e-05	4.38653789564299e-05
spot_117	0.0107077964683282	0.142662871176668	9.46225235592978e-05	0.0899578910588787	9.46225236008129e-05	0.434279776478326	9.46225236562253e-05	0.321823929676826	9.46225226457424e-05	9.46225239522575e-05	9.46225235585722e-05
spot_118	4.07839903711867e-05	0.228408425311554	0.0294900856743546	0.0240806972930897	0.171253812068468	0.449289130963115	4.07839903742428e-05	0.0972739287326062	4.07839903711934e-05	4.07839953248663e-05	4.07839903711772e-05
spot_119	2.19998095777668e-05	0.0474836760667256	0.13409652998024	0.00246888628036392	0.162512440928113	0.640290612703603	2.19998090679383e-05	2.19998095661243e-05	0.0130378549884112	2.19998139477351e-05	2.1999810383526e-05
spot_120	0.0746303958977789	0.0588903248042654	0.0300909660848236	4.81257932106351e-05	4.81257931657254e-05	0.828618473753311	4.81257932205096e-05	0.00694869056041729	4.81257932550732e-05	0.000580519933340467	4.81257932111128e-05
spot_121	1.49501900899086e-05	0.0655775616105214	0.470852664183932	0.00426662516839703	0.00183621977077442	0.457377228125645	1.49501901334116e-05	1.49501900775912e-05	1.49501901331014e-05	1.49501902067253e-05	1.49501900899033e-05
spot_122	9.3434297919328e-05	0.0289816262925621	0.0119037094833778	0.00056794609953198	0.247668732935295	0.556140047105982	0.154270766588876	9.34342979188724e-05	9.34342984457756e-05	9.34343021706973e-05	9.34342979208387e-05
spot_123	0.0909594230291508	0.111734174828335	0.155210245873489	0.225366085043718	6.39045332952772e-05	0.416346644041766	6.39045331168747e-05	6.39045333317532e-05	6.39045332883407e-05	6.39045172195797e-05	6.39045332883238e-05
spot_124	0.0216205518949131	0.21534692351402	0.230249505258886	0.000128188487754294	0.202574239222131	0.329439649183994	0.000128188488178158	0.000128188487786702	0.000128188487754294	0.000128188483179839	0.000128188491402313
spot_125	0.0852697511257963	8.45004839413239e-05	0.0526254572780883	0.00335758873098309	0.200139281937329	0.458080410868998	0.0399817435359055	0.0302542943747001	0.130037970694618	8.45004856995706e-05	8.45004839413228e-05
spot_126	5.95834332196312e-05	9.21974959307802e-05	0.0993947325765775	5.95834332185979e-05	0.0847325337703151	0.235338218764323	5.95834330341644e-05	0.580084816795223	5.95834332196177e-05	5.95834319638448e-05	5.95834329743631e-05
spot_127	3.07256500809386e-05	0.0265493558494112	0.103232727463671	3.07256500809388e-05	0.0376360731218356	0.640779956924181	3.07256496233454e-05	0.191617532740719	3.07256511043478e-05	3.07256502654696e-05	3.07256490269272e-05
spot_128	0.0054028722880891	8.87728594520117e-05	0.152758013620011	0.479696687035107	0.353588743614765	8.8772859451986e-05	8.87728594128741e-05	0.00797476395250324	0.00013505519473865	8.87728570170341e-05	8.87728594520144e-05
spot_129	0.0804417102198422	0.306999674522547	6.62757780166521e-05	0.00501477483939238	0.488439507531236	0.0218741568045811	6.6275777752103e-05	0.000817007506108169	0.0961480654630525	6.6275779458078e-05	6.62757780138877e-05
spot_130	8.29560508511412e-05	0.278272087665322	0.021574708804855	8.29560508511797e-05	0.0549458401769728	0.350079852912295	8.29560508524027e-05	8.29560508302523e-05	0.294629774131198	8.29560550687293e-05	8.29560509032968e-05
spot_131	0.0723489961501949	0.0974878740928837	0.00833315157112352	0.0132217999033604	0.20126465342282	0.515612202321601	0.00011951687510476	0.0911963900555218	0.000119516875097189	0.000176381857200001	0.000119516875092116
spot_132	2.93278102122128e-05	0.187505239653277	2.93278102099592e-05	0.0394272778637087	0.593222218446185	0.0820240655881965	2.93278102696901e-05	0.00751867112686284	0.0901558882706526	2.93278102130906e-05	2.93278102114612e-05
spot_133	4.90540150378956e-05	0.103661386850344	0.122310214113151	0.00303923083993317	0.311867625658881	0.458827218447554	4.90540152296791e-05	4.90540150280895e-05	4.90540150121424e-05	4.90540147624532e-05	4.9054015066596e-05
spot_134	8.18001222368596e-05	9.27369222062555e-05	0.372448952199588	0.00593982747154207	0.39299908562223	8.18001222368424e-05	0.0799939858202359	8.18001222358446e-05	0.148116411353038	8.18001222861716e-05	8.18001221633265e-05
spot_135	0.000139638274514785	0.000139638274514794	0.283591978656915	0.000139638274514784	0.297466866744296	0.347766714374671	0.000139638274629829	0.0567487452154345	0.000139638274501963	0.000139638278583926	0.0135878653574236
spot_136	0.141773617353881	0.0353710324845308	6.18577329245337e-05	0.151497912904352	0.0162316837736323	0.142838326906215	6.18577329829565e-05	0.511978137912663	6.18577329245342e-05	6.18577329691638e-05	6.18577329245311e-05
spot_137	0.0175865990144522	0.0943796820366199	9.53182520152471e-05	0.0901345932171165	0.189508566733007	0.451431072881289	9.53182519829872e-05	0.092589000160739	0.0594718955973182	9.53182522441862e-05	0.00461263560321578
spot_138	0.0138644665137805	0.00626059568779264	0.140114022692675	4.87491449372759e-05	0.593154559914393	0.243118888616947	0.00314762410240526	4.87491449372751e-05	0.000144845892441626	4.8749144753827e-05	4.87491449372777e-05
spot_139	5.76086355322237e-05	0.112692120013014	0.172395365303746	5.76086355231601e-05	0.368437167067137	0.346072087157345	5.76086355416937e-05	5.76086355383621e-05	5.7608635523161e-05	5.76086454083807e-05	5.76086356922806e-05
spot_140	6.25047935705652e-05	0.0301354941958649	0.165843238202042	0.0939496835982028	0.381835526651772	0.165548349595895	0.00033632105862213	0.162087875008042	7.59973123611845e-05	6.25047900570075e-05	6.25047935705951e-05
spot_141	0.0537612845152703	0.227273650972352	0.0494614801967214	8.66772305279343e-05	0.0525229375214879	0.609477879700286	8.66772304711132e-05	0.00706938093751718	8.66772305158025e-05	8.66772344987806e-05	8.66772303516495e-05
spot_142	0.114803560745436	0.353564311496606	0.000137440019924028	0.178497144723349	0.000137440019608389	0.35217290289262	0.000137440020054297	0.000137440019915225	0.000137440019924235	0.000137440021535427	0.000137440021026858
spot_143	3.08427465302205e-05	0.0827858262961813	0.0966633319177964	0.00452388359096767	0.147150953665434	0.518287373530463	3.08427464946221e-05	0.0390418264535791	0.111423433509725	3.08427958624972e-05	3.0842746966881e-05
spot_144	0.0290266254049323	0.211184058474394	0.0274365240378723	3.18180541178085e-05	0.447548227381989	0.00124245774024726	3.18180540963462e-05	0.242905221698782	0.00232435682247226	3.18179947126569e-05	0.0382370743363835
spot_145	0.0173506186405188	0.271537261067057	0.0848792550349079	0.152531206025235	0.393989960318151	0.0578410540239775	4.66120629109966e-05	0.0216841967110877	4.66120674199102e-05	4.66119823618123e-05	4.66120663725849e-05
spot_146	1.87027834540765e-05	2.42933843787997e-05	0.20038342398225	0.148337392091931	0.524113134431563	0.091543241378532	1.87027812332377e-05	1.87027850853586e-05	4.02270848440306e-05	1.8702676867049e-05	0.0354834766198621
spot_147	0.0627034578709901	0.424418483756388	0.000118141040353217	0.000118141040357174	0.0352041481367398	0.000118141040347622	0.000118141040331609	0.437737763461463	0.0392273005318672	0.00011814104080909	0.000118141040353229
spot_148	0.06860559767599	0.0731517363367299	0.188448495864146	0.00696465441974564	4.34252934820254e-05	0.351400549289828	0.185392869893609	0.000947208194333954	0.122740481519746	4.34252935643733e-05	0.00226155621882506
spot_149	5.28170971580701e-05	0.272288434832745	0.0408850676288219	0.257164662804215	0.0030593763050523	0.298002881266205	5.28170971596091e-05	0.0197235458706582	0.1086628504579	5.28170974421107e-05	5.47295426435275e-05
spot_150	0.051393003177507	0.266603970911942	8.98078708178119e-05	0.000138232527157363	0.034830711701679	0.640506472152975	0.00607857017479825	8.98078708426237e-05	8.98078701175391e-05	8.98078713461282e-05	8.98078708180567e-05
spot_151	5.51659496913823e-05	0.0427981860777241	5.51659497006161e-05	0.0803807905507073	0.290990890191506	0.537224969372227	5.5165949700375e-05	0.0353822605166871	0.0129470733633501	5.51661290037229e-05	5.51659497017058e-05
spot_152	0.00282986385621954	0.167903091149969	0.0408119577696247	0.200207722079292	0.001858673507683	0.539505083261581	6.24358883893784e-05	6.24358884033151e-05	6.24358883999809e-05	6.24358884196175e-05	0.0466338648220182
spot_153	4.62040103750116e-05	0.183548397525218	0.0589600795906981	4.62040103750081e-05	0.381772172920962	0.227813701560507	4.6204015200979e-05	0.147628424282317	4.62040103750136e-05	4.62040626482153e-05	4.62040113239714e-05
spot_154	0.00313880247550959	0.0376993716822316	8.10289132340419e-05	0.00518816321282921	0.00764352478512241	0.314504021966548	8.1028913237965e-05	0.501603353768647	0.129898646458637	8.10289107694619e-05	8.10289132343387e-05
spot_155	0.015201474956004	0.132992843579188	0.0816724431152995	0.162145800410029	0.320442261445108	0.169168345155711	0.00432178035743891	0.112749785385498	0.00101351557384426	0.000145875008945342	0.000145875012935006
spot_156	5.87224174513693e-05	0.000147267715571061	0.120240456858253	5.8722417348256e-05	0.0844663123079998	0.365223582361338	5.87224171585576e-05	0.275761147639674	0.0588313326763687	5.87224180611228e-05	0.0950950107707759
spot_157	8.28628104906906e-05	0.000183650284736935	0.601037006360541	8.28628104906864e-05	0.369173387775343	0.0137770203724007	0.00116892630250596	8.28628104906852e-05	0.0142456948521456	8.28628103643845e-05	8.28628104906835e-05
spot_158	8.68841563855987e-05	8.68841563856101e-05	0.049579445892429	0.00205248907517164	0.45122992609978	0.121782119624135	0.000764887760620503	0.287823624542481	0.0864199703930171	8.68841439391077e-05	8.68841556553974e-05
spot_159	6.23470664830171e-05	0.00020385520188802	0.232142215072018	6.23470664844397e-05	6.23470665192813e-05	0.497806028593884	6.23470655284608e-05	0.269377784301605	6.23470664845306e-05	6.23470920196974e-05	9.60344070852776e-05
spot_160	0.0409405071309247	0.283894229399574	0.0655924260361991	0.00195023859854412	6.30761368478676e-05	0.266512330580965	6.30761367266922e-05	0.340276622344404	6.30761367357021e-05	0.000577425563220354	6.69919358576556e-05
spot_161	0.0263809926819335	0.18087784015451	0.672424069238481	0.00165502062785681	8.732696483665e-05	0.108037563419703	8.73269651833792e-05	0.0031678514964408	0.00710735451997802	8.73269658499971e-05	8.73269652275267e-05
spot_162	0.000125845945708677	0.381712420539877	0.000125845945707526	0.000125845945708676	0.0943700125181864	0.457513503186494	0.000125845945700732	0.0655231421331935	0.000125845945708676	0.000125845948006051	0.000125845945708676
spot_163	2.94225720859716e-05	0.048881012309529	0.102915079548996	0.00402747596206885	2.94225721417308e-05	0.732587699195131	0.0011826949770417	0.110256415486253	3.19322323114348e-05	2.94225723551511e-05	2.94225720866678e-05
spot_164	0.060470447900917	0.0966964375600172	5.87786135977524e-05	0.00869705048803898	0.0945116779531611	0.728941548385213	5.87786115204818e-05	5.87786136001647e-05	0.0103889447417635	5.87785185720473e-05	5.87786135987376e-05
spot_165	0.0392920850574432	0.11873844941028	0.0960065637130178	0.000366237398077794	0.0123426168920925	0.594275716379075	0.138804938234425	4.33482291214378e-05	4.33482291143738e-05	4.33482282605436e-05	4.33482290918188e-05
spot_166	0.00563224215709364	0.00779311288122678	0.0807843492647257	0.000100335796904611	0.170853884875857	0.704456363802373	0.029246101931611	0.000100335796891689	0.00010033579671265	0.000832601899697138	0.000100335796907261
spot_167	6.27050307031029e-05	0.0698342057164155	0.18077653318003	0.000306452033305412	0.538116067798761	0.210539796655136	6.27050307434293e-05	6.27050307008708e-05	0.000113419463835679	6.2705029556095e-05	6.2705030812622e-05
spot_168	0.0489675041683386	0.078708790656796	0.128365687372912	0.00172053514396646	0.318772391507374	5.66456865250101e-05	5.66456869912622e-05	5.6645686525009e-05	0.42318186271678	5.66456872667688e-05	5.66456865248238e-05
spot_169	0.0175741686327717	0.0283430438378303	0.125181986588719	8.22555343815477e-05	0.35839676981465	0.396007418080251	8.2255534677956e-05	0.0740853353768476	8.22555344404569e-05	8.22555310487457e-05	8.22555343815561e-05
spot_170	0.0483541584414144	0.0262608780329703	0.017190698161716	6.04382924554852e-05	0.24288919926095	0.55488178275214	0.073485476317727	6.0438292455485e-05	0.0366960538632251	6.04382924927878e-05	6.04382924536512e-05
spot_171	0.0489340773919597	6.16798533850057e-05	0.170957518229644	6.16798533850288e-05	0.526532828027462	0.211712291518234	6.16798532576246e-05	0.0414682396578498	8.6645911988195e-05	6.16798472878092e-05	6.16798555469059e-05
spot_172	0.00208887178630344	9.23639117577415e-05	0.279956210695466	9.23639117815292e-05	9.23639116024003e-05	0.405622530807399	9.23639115260327e-05	0.311685839335565	9.23639120386697e-05	9.23639044492605e-05	9.23639121116489e-05
spot_173	3.15537819539992e-05	0.0594563010983166	0.179061034465678	3.15537817569732e-05	0.0069286574699531	0.466893499322545	3.15537819497932e-05	0.287471184952214	3.15537817800427e-05	3.15537820987688e-05	3.15537817530387e-05
spot_174	0.187298453640276	0.113636711350193	0.000110427774757502	0.000110427774730472	0.000110427775285021	0.521676988585251	0.0360980469265664	0.139794554724321	0.000110427774910217	0.000943105898949415	0.000110427774759795
spot_175	0.000122553675685048	0.075609200904961	0.159576143668452	0.0763248031398568	0.164287837431482	0.160691586404133	0.000122553675860755	0.362897660085853	0.00012255367568507	0.000122553663970966	0.000122553674060345
spot_176	0.000153845130158118	0.150113340781932	0.0446935172470956	0.131396902751802	0.108330428457298	0.404356027790657	6.80816940537789e-05	0.11887016937218	0.041881523381654	6.80817004059924e-05	6.80816927637987e-05
spot_177	0.0476638213749317	0.0923358083385955	0.000155586278912152	0.000155586278911589	0.432542461378815	0.425099709533583	0.000155586278927462	0.000155586278926188	0.000155586278911589	0.00142468170057463	0.000155586278911668
