B	CD4Tconv	CD8Tex	Endothelial	Fibroblasts	Malignant	Mast	Mono.Macro	Myofibroblasts	Plasma	Tprolif
spot_1	0.0227745093862453	0.585025424162023	0.11716620853663	3.74336213915836e-05	0.256623597832732	3.74336214390927e-05	3.74336213253366e-05	0.0181856583538529	3.74336214391173e-05	3.74336214830617e-05	3.74336214391162e-05
spot_2	0.0329044551769313	0.0808039109465724	0.000135454714802781	5.76576625835498e-05	0.00121077841418853	0.569746937822098	5.76576626391589e-05	0.271914760383655	5.76576625835431e-05	5.76576626672056e-05	0.0430530718912791
spot_3	0.0429557631738589	0.189926168765385	0.120728883845606	0.000179611232514416	0.000179611232519488	0.437853114584648	0.000179611232439143	0.0971029131022864	0.11053510036712	0.000179611231107612	0.00017961123251445
spot_4	0.00502621596125447	0.224682740912889	8.43198279919484e-05	8.43198279919434e-05	0.12377318015366	0.625373438758597	8.43198280026916e-05	8.43198279919721e-05	8.43198279919469e-05	8.43198280900466e-05	0.020638505245538
spot_5	0.0156569764594843	0.0808944655288336	0.00029734359565592	0.000141675948827182	0.116398928680771	0.649333778877307	0.000141675948665981	0.0826733294915944	0.000141675948827277	0.00249758257252961	0.0518225669475044
spot_6	0.0262786159331464	0.000125681634176019	0.0448023479121605	0.232202443894504	0.205742498055797	0.370424964680065	0.0141155019337482	0.105139519866409	0.000125681634176008	0.000917062821642756	0.000125681634176018
spot_7	0.00012568616441722	0.283649609355268	0.0547260116803845	0.00288476099407544	0.000125686164421986	0.577355996304507	0.000125686164441828	0.0721598920760601	0.000125686164417171	0.00859529876758951	0.00012568616441717
spot_8	0.0735790809475922	0.112740114320505	0.00021226499277167	0.250232642447844	0.00904500178707822	0.543409157832351	0.000212264992736863	0.000212264992771666	0.000212264992771665	0.00993267770080581	0.000212264992771661
spot_9	0.0131993372519863	0.261185746232259	0.00012877298955802	0.0351045507757444	0.254858027443248	0.210350102302953	0.00012877298951461	0.224658371045974	0.00012877298955801	0.000128772989646487	0.000128772989558057
spot_10	6.25087922611406e-05	6.2508792261894e-05	0.101446896200342	0.0840746964328032	0.662073890286235	0.00869155650068696	6.25087924389212e-05	6.2508792261889e-05	0.137379645183784	0.00428475017377788	0.00179853005314677
spot_11	0.0773575902006812	0.18799296766937	0.000193158961995386	0.000193158961995412	0.221815633527244	0.392146415554801	0.114454313767497	0.000193158961995411	0.00526728446969421	0.000193158962730968	0.000193158961995414
spot_12	0.262230850987255	0.356365576255234	0.000222523481054079	0.0191177618786994	0.0819250657149663	0.000222523481054078	0.000222523481041585	0.06239157546319	0.216856552295304	0.000222523481146979	0.00022252348105408
spot_13	8.00193339815677e-05	0.488221366632418	0.000624343259300342	0.089919360350919	0.0615299562733492	0.0119221312194905	8.02702251967713e-05	0.320796295131549	8.00193339815562e-05	8.00193340754625e-05	0.0266662189057382
spot_14	6.13619699126852e-05	0.000375638799249043	0.272511496422159	5.72925646144907e-05	5.72925646220562e-05	0.0240807441229582	0.137197931031608	0.557653545439717	0.00789011195582629	5.72925647182879e-05	5.72925646144725e-05
spot_15	5.9563039072246e-05	0.295198568042053	0.110795032150784	0.477981933428958	5.95630390722453e-05	5.95630390722441e-05	5.95630390961583e-05	0.0674325042092814	0.0482345839342399	5.95630392987379e-05	5.95630390722366e-05
spot_16	0.214030263930966	0.0882024313266102	0.220733873759944	0.00020980411571021	0.227767474449051	0.248007131838483	0.000209804115595951	0.000209804115710254	0.000209804115710254	0.000209804116508279	0.000209804115710258
spot_17	0.079538209645657	0.000231062509037177	0.385929459075662	0.000231062509037171	0.131591524956956	0.3935438310712	0.000231062508903191	0.000231062509037177	0.00023106250903718	0.00801060019643583	0.000231062509037179
spot_18	7.99551625295697e-05	7.52289798030921e-05	0.12090794214348	7.52289798030911e-05	0.316957360729142	0.161713751378022	7.52289801794927e-05	0.394280272635908	0.00568457305162741	7.52289797017903e-05	7.52289798030901e-05
spot_19	0.0152304646531943	0.000135252281849738	0.29117908499944	0.000135252281849722	0.117207611530448	0.574929401519163	0.000135252281856679	0.000135252281849726	0.000135252281849727	0.000641923606648403	0.000135252281849723
spot_20	0.0299534431894858	0.0551947250127456	7.98126192305391e-05	7.98126192304978e-05	0.381445356037998	0.483468225297496	0.0400654940045925	0.00287557396651737	0.00667793201418637	7.98126192866338e-05	7.98126192304946e-05
spot_21	8.83300187915865e-05	8.83300187915924e-05	0.147006330219525	0.191349720121588	0.103939216268583	0.557086423326709	8.83300167667723e-05	8.83300187915845e-05	8.83300187915765e-05	8.83299528711775e-05	8.83300187915826e-05
spot_22	4.44314793109253e-05	0.121156226431777	0.182423476474638	4.4431479292443e-05	0.358814256095795	0.331280275938504	0.00604893243985256	4.44314793109286e-05	5.46752228663343e-05	4.44314793415777e-05	4.44314793109431e-05
spot_23	0.0001901658386411	0.420757658353767	0.000190165838641099	0.21264843046688	0.055100655212101	0.295969272359174	0.000190165838870974	0.00019016583863946	0.000190165838641094	0.00397649947753385	0.0105966549371107
spot_24	8.83080054653391e-05	0.290841922128036	0.0691570056813276	8.83080054653435e-05	0.427884609185533	0.0407855585555814	8.83080054718238e-05	8.83080054646029e-05	0.0154600297077425	0.000800589944344316	0.154717052775568
spot_25	0.0966359514879247	0.000118653366837344	0.175914207499913	0.000118653366837345	0.0125041375955082	0.420969418896759	0.000118653366984686	0.222349368056129	0.00830134656728223	0.000118653366755888	0.0628509564290678
spot_26	0.109519129513805	0.0103079166082103	0.0537119186593035	8.05391785708875e-05	0.00591571212306606	0.584026476585087	8.053917857089e-05	0.168283118635515	0.0679135711606356	8.05391786654805e-05	8.05391785708825e-05
spot_27	0.000135353092849305	0.000142526657833173	0.477062991879553	0.000135353092849308	0.000135353092853361	0.475975036447029	0.000135353092836799	0.005010190340561	0.0409971361172556	0.000135353093529965	0.000135353092849302
spot_28	7.40735064964092e-05	7.40735064964416e-05	0.265645270656358	7.40735064964018e-05	0.40263623143285	0.269541478911359	7.407350678527e-05	0.0615841279236761	0.000140992384509292	7.40734826553479e-05	8.15311823171204e-05
spot_29	8.72178818339192e-05	0.0836760323995704	0.287914055652069	8.72178811987052e-05	0.441382432786795	0.0537835431261263	0.0807591716297022	8.7217881198721e-05	0.052048674999053	8.72178812542516e-05	8.72178811986782e-05
spot_30	0.0576359071594661	0.000100871543386519	0.0681348120419156	0.00451217479967783	0.0339079073352168	0.000100871543386521	0.000100871543248064	0.770003753470423	0.000100871543385259	0.0489744181632152	0.0164275408566789
spot_31	0.0597529743142068	0.328117166535999	0.148493433076127	0.00771014007551968	6.17710561071372e-05	0.0151489348722259	6.17710561088966e-05	0.440468495845346	6.17710561106867e-05	6.17710561404523e-05	6.17710561088737e-05
spot_32	3.00097116388234e-05	0.229347213220724	0.34481042384223	0.00637976960500264	0.404273699953372	0.0060564167767602	3.00097119342473e-05	0.00898182827806228	3.06094298316832e-05	3.00097588046485e-05	3.00097116388356e-05
spot_33	0.0306908563651909	0.0903864334992021	0.0354254366858073	0.236020675941924	0.436284994089918	0.000262826287030106	0.000262826286937761	0.000262826287030185	0.162343280360046	0.00779701790988286	0.000262826287030107
spot_34	0.000179028153789321	0.000118143110567258	0.142406292550443	0.0130258436626171	0.0372168026897067	0.411404604021851	0.00921712029954069	0.376839774662524	0.00933794129720269	0.000118143109746419	0.000136306442011514
spot_35	0.000116747459749118	0.000142899412375193	0.362002727345868	0.000116747459749111	0.256734540016013	0.23586700293354	0.000116747458987908	0.144195157055559	0.000473935935034598	0.000116747463374142	0.000116747459749109
spot_36	0.000152475150468061	0.496080366609832	0.000152475150468061	0.000152475150468059	0.000152475150682883	0.447404427713063	0.000152475150468061	0.000152475150466186	0.00015247515046806	0.00427048645089482	0.0511773931727208
spot_37	2.95256007928101e-05	0.0246631743530066	0.177910118286292	0.0618969788962761	0.129352636433355	0.211105810259323	2.95255997692289e-05	0.346173933184349	0.0051924869402988	2.95255712779733e-05	0.0436162848752596
spot_38	0.000210586463702851	0.0756661539641524	0.0984469364886498	0.36151551923792	0.344387639117029	0.101132382223643	0.00660322373137281	0.000210586463702837	0.000225161185254464	0.0113912246608705	0.000210586463702843
spot_39	0.125356419724932	9.91681505199463e-05	0.127165327953343	9.91681505199396e-05	9.91681505426163e-05	0.643122610041194	0.103661465226633	9.91681505199356e-05	9.91681505460386e-05	9.91681507291416e-05	9.91681505199256e-05
spot_40	6.37365360220219e-05	0.303701472194113	0.0629400223934699	0.00887063792214068	0.069681908870192	0.307303020053518	0.0125637004467195	0.163544624116113	0.071203404396032	6.37365356575503e-05	6.37365360220277e-05
spot_41	0.000122677927084934	0.124144346118464	0.000122677927082455	0.203228807106878	0.254304234232719	0.417406543477802	0.000122677927159403	0.000122677927084942	0.000180001501536552	0.000122677927104531	0.000122677927084934
spot_42	0.000129481614393934	0.0761588713351565	0.0743039904734045	0.184875552128052	0.249628580945749	0.347910982144581	0.000129481614399726	0.000129481614399726	0.0641954939892572	0.00240860252620632	0.000129481614399727
spot_43	0.0613837258956658	0.229027627478327	0.000647642689134992	0.104676241431768	0.00863001545097721	0.442168972773025	0.00064764268909921	0.0899295335230644	0.0404237815249958	0.0218171738548061	0.000647642689136606
spot_44	2.9821742841497e-05	0.343900443089557	0.16488961580939	2.98217428414969e-05	0.121633062638629	0.0238541790919737	2.98217428460923e-05	0.339134797456306	2.98217428414963e-05	2.98217428581657e-05	0.00643879319991493
spot_45	0.163209394568787	0.000113692025721843	0.088221314639367	0.000113692025721847	0.36405175984916	0.374151199070889	0.00011369202572396	0.00894536917087299	0.000113692025721837	0.000852502572313103	0.000113692025721846
spot_46	0.11378823622543	0.535618457491635	0.128434927206555	0.0286270276141861	0.0152161408584457	0.170613637269512	0.000194401707792978	0.000194401707814358	0.000194401707822009	0.00692396650299337	0.000194401707814351
spot_47	0.000153423310565113	0.000122869744696757	0.140547633231705	0.000122869744696757	0.345162798167462	0.077583961924502	0.00351203726798785	0.432425797371895	0.00012286974469676	0.000122869747096604	0.00012286974469675
spot_48	0.156301801563748	0.0133838398423073	0.331265614892316	6.27454697193711e-05	0.023508795310413	0.201621840530242	0.0298665993857587	6.2745469719369e-05	0.238051167649781	6.27454697557867e-05	0.00581210441623921
spot_49	0.00322620279158716	0.482420639876489	7.70158581484043e-05	0.174221398707706	0.0781466164638948	0.199396741081556	7.70158581485386e-05	0.00600861351005046	0.0562717241408952	7.70158564819825e-05	7.70158550419442e-05
spot_50	0.0355500843201849	0.46983598358425	8.2054586406691e-05	8.20545864066935e-05	8.20545864341049e-05	0.48101541441687	8.20545865111984e-05	8.20545864066942e-05	0.0130241355736899	8.20545864330543e-05	8.20545864066913e-05
spot_51	0.0356262220926071	0.0182423987675787	0.201928889983605	0.000139211226526808	0.00807121479174222	0.732274257713779	0.000139211226486238	0.000139211226526811	0.000139211226526812	0.00316096051809446	0.000139211226526809
spot_52	0.124189949728241	8.51302581252856e-05	0.190539851991961	0.363526819361182	0.320040269538563	0.00118829084433859	8.5130258125281e-05	8.51302581252677e-05	8.91672450388051e-05	8.51302581745966e-05	8.51302581252811e-05
spot_53	0.0271814014214905	6.19672064209891e-05	0.15395725693299	0.0694221274363664	0.546793328497705	0.14849564451516	0.00781746191836584	0.0459322511861711	0.000214626472415385	6.19672064936811e-05	6.19672064209883e-05
spot_54	9.6024526339211e-05	0.125138833029815	9.60245263392115e-05	0.15350285893814	9.60245264210681e-05	0.643661625103073	9.60245263665675e-05	9.6024526333897e-05	0.0228059496376433	9.6024526261395e-05	0.0543145861332674
spot_55	8.19479953484622e-05	0.14099662915596	8.19479953484864e-05	8.19479953484854e-05	8.1947994894957e-05	0.581807987317357	8.1947995694126e-05	0.276539799603016	8.19479953484862e-05	8.19479563354231e-05	8.19479953484818e-05
spot_56	0.000121217120007898	0.000121217120007898	0.200054773400397	0.00118647044226848	0.244517159813261	0.359954823102075	0.000121217119164327	0.193559470522858	0.000121217120007897	0.00012121711994453	0.000121217120007904
spot_57	0.153787017404143	0.156214950177079	0.000129270157161089	0.000129270157161072	0.412953523496099	0.268111028037719	0.000129270157296236	0.0001292701571611	0.000129270157161099	0.00815785994185861	0.000129270157161099
spot_58	6.30077199352169e-05	0.26260023142471	0.0408106107867991	0.0363223858097275	6.30077199423007e-05	0.65950386744226	6.30077195534463e-05	6.30077199352366e-05	0.000382654561967094	6.30077328097694e-05	6.52113623602733e-05
spot_59	6.02116261298974e-05	0.0861160574964286	0.0192694666647191	0.135624911185111	0.360876802891247	6.02116261300564e-05	6.0211626184833e-05	0.290911897493226	0.106899806138673	6.02116260207526e-05	6.02116261300587e-05
spot_60	5.66233422570915e-05	5.66233422570416e-05	0.134319451614008	5.66233422570544e-05	0.336807966963806	0.467670565863209	5.66233415104362e-05	5.66233422570281e-05	0.060805652136889	5.66233692931992e-05	5.66233422570451e-05
spot_61	8.05102191316836e-05	0.612771409095052	8.05102191317069e-05	0.375674170887525	0.00368900808167086	8.05102191316943e-05	8.05102191678329e-05	8.05102191316958e-05	0.00677101266614163	0.000611337954784501	8.05102191316943e-05
spot_62	0.0539554580088488	0.366434662738605	0.00027951714285054	0.447264606907852	0.0102351023630638	0.000279517142850542	0.000279517141313139	0.0960602248608786	0.000279517142850538	0.0246523594080365	0.00027951714285054
spot_63	0.00918367927251033	6.24516633026281e-05	0.131861141620359	6.24516633026231e-05	0.382842976502788	0.152658500457337	6.24516632883865e-05	0.323023596577924	0.000117847252623403	6.24516632620987e-05	6.24516633026279e-05
spot_64	0.0803210967016309	0.242697840965864	0.000126355265307803	0.00012635526530781	0.167584716557454	0.0973247182032555	0.000126355265055003	0.382623512144	0.0288163391013609	0.00012635526545609	0.000126355265307809
spot_65	0.0594652681855383	0.278378076334977	0.215612018720222	9.45506424558951e-05	0.00345847020172172	0.431716815449185	9.45506425052925e-05	9.4550642456327e-05	0.0108965978960393	9.4550642443296e-05	9.4550642455897e-05
spot_66	0.0150169046239954	0.0412458952539882	0.167818438383699	3.82684757744096e-05	0.508130601797015	0.2481300378171	3.82684758898757e-05	0.0194333416323177	7.1706588644885e-05	3.82684758007818e-05	3.82684757744024e-05
spot_67	0.000135958640530898	0.000168852036541117	0.320625396580743	0.000135958640530861	0.262524337325471	0.351771154631463	0.0640945075796377	0.000135958640530863	0.00013595863777807	0.000135958646242599	0.000135958640530865
spot_68	0.0518369112460982	0.273662952503004	0.000189606945159302	0.000189606945159309	0.115415308127213	0.397192946981886	0.000189606945055856	0.000189606945159304	0.160754239472263	0.000189606943837015	0.000189606945164906
spot_69	9.53987132381275e-05	0.0440533111647116	9.53987132381361e-05	9.53987132381419e-05	9.53987217948821e-05	0.546605005465489	9.53987122574061e-05	0.40857849365403	9.53987132381855e-05	9.53987155267613e-05	9.53987132381712e-05
spot_70	9.09339404354659e-05	0.303365665844029	9.09339404194904e-05	9.0933940419495e-05	9.09339403359128e-05	0.665432252582888	0.00445119513601896	9.09339404194891e-05	0.026114348853831	9.09339407837693e-05	9.09339404194536e-05
spot_71	0.024783547044895	0.463567286032207	0.000193042271969291	0.000193042271969288	0.000193042271991921	0.488454949090391	0.00019304227284222	0.0001930422719334	0.000193042270118764	0.0218429219297124	0.000193042271969258
spot_72	0.000172637732100209	0.328379111088611	0.000172637732100191	0.120764804498595	0.201944969989038	0.261638515834563	0.07486433740878	0.000172637732100213	0.0115450725197934	0.000172637732219127	0.000172637732100208
spot_73	8.38807177459116e-05	8.38807177457995e-05	0.120127195886995	0.0487994676229522	0.021311118020954	0.350068814049894	0.015115652890437	0.413531006478871	0.0220056991513154	8.38807163276521e-05	0.00878940374676126
spot_74	0.000126684343491259	0.333188887941042	0.0170486811097275	0.000126684343491264	0.000126684343501927	0.608249253272925	0.00455596566787093	0.0107350551721964	0.00660991026687625	0.00370881578908989	0.0155233777497875
spot_75	0.000190663335612409	0.282166170908703	0.000190663335612408	0.315062194845515	0.000190663335623175	0.00962058759694369	0.000190663335606425	0.386549258906875	0.000190663335612408	0.00545780772828419	0.000190663335612411
spot_76	0.151644829817318	0.247421168655759	0.199138083043738	0.00693418727553686	0.0177213094666319	0.343779655961606	0.000200554308310764	0.0269440040156742	0.000200554308478507	0.00581509883846756	0.000200554308478503
spot_77	0.0146422413444361	0.000281170542190522	0.489711352487812	0.000195029218144744	0.138487727990974	0.286280509962913	0.000195029218571625	0.0591637869563838	0.010644471295683	0.000195029161067645	0.000203651821823335
spot_78	0.00807464264435169	0.180052685166879	8.87425976361425e-05	8.874259763603e-05	0.298049273067767	0.472436721476879	8.87425976640859e-05	0.011561449407542	0.0293815152477206	8.87425982891408e-05	8.87425976360156e-05
spot_79	6.35281646410718e-05	6.35281646410576e-05	0.175646157857924	6.35281646410536e-05	0.57346975572293	0.0567209747842662	6.35281646218872e-05	0.174821471318714	0.000139915882510878	6.3528164715564e-05	0.0188840836103939
spot_80	0.000119619327925289	0.172440951168134	0.00503153761434841	0.446146209155138	0.213526166645414	0.159646500788088	0.000119619327392805	0.00260089530385043	0.000129262012263188	0.000119619329521457	0.000119619327925277
spot_81	0.0369313008332771	0.136486245501559	0.000329348439675226	0.0864357702004931	0.233486908462391	0.203051698892556	0.000329348439626856	0.296469162826167	0.000329348439675228	0.00582151952490408	0.000329348439675223
spot_82	0.111791316740548	0.164969427941483	0.0360345486990836	0.22645919122924	0.16485714840943	0.000114823331644205	0.000114823331403006	0.000114823331644212	0.000114823331644215	0.00011482333169251	0.295314250322187
spot_83	5.87394408295094e-05	0.0408625389860669	0.0542076629525172	5.87394408295077e-05	0.0559916602067973	0.760120984705765	5.87394403312075e-05	0.0124176945838768	0.0761057613301171	5.873947203985e-05	5.87394408295015e-05
spot_84	9.030827320288e-05	0.043741837366294	0.0944178597803139	9.03082732028816e-05	0.516294205048249	0.0965498294558663	9.03082749695621e-05	0.24845441874184	9.03082732028798e-05	9.03082396565376e-05	9.03082732028791e-05
spot_85	0.388476085562109	0.000236600139309589	0.118871685806799	0.000236600139309591	0.00023660013930683	0.385909812283497	0.000236600138909918	0.0565630126255738	0.00023660013931884	0.00257953624728608	0.0464168667785805
spot_86	0.000128345074077808	0.286755407030286	0.201833354571817	0.000128345074077809	0.0535344360199047	0.271935385067526	0.000128345074078684	0.173745814222507	0.00945540068251822	0.00222682210912836	0.000128345074077806
spot_87	0.000228334560608731	0.386764401142835	0.00022833456060863	0.000228334560633552	0.000228334560667597	0.394169508308385	0.000228334560541562	0.00955930919673776	0.0004637307951496	0.000408460113817468	0.207492917640014
spot_88	0.0393761302978351	0.162174500214216	0.0638293251688491	0.0699757516491551	0.000336536210673319	0.34590770217917	0.00033653620721511	0.256264967844107	0.00033653620759046	0.0611254778135946	0.000336536207594513
spot_89	6.06360382806899e-05	0.0826604737099403	0.271414544579622	6.06360382932463e-05	0.480276277909298	0.154620046460004	6.063603835001e-05	0.0106648410827074	6.06360382932246e-05	6.06360669177506e-05	6.06360382932348e-05
spot_90	0.000205882384187519	0.293509550836654	0.215479601601373	0.00020588238419017	0.00573865369694704	0.263327437016976	0.000205882384266627	0.000205882384190188	0.209488739312771	0.0114266056142545	0.00020588238419019
spot_91	0.0677702834743102	5.36182338020064e-05	0.113306555980496	0.000210591017460336	0.526989283348173	0.210762690359908	5.36182338508498e-05	5.36182338020111e-05	0.000115224823123707	5.36182338609138e-05	0.080630898061212
spot_92	6.34101652221453e-05	0.316927308444114	6.34101652220918e-05	6.34101652221417e-05	0.00983737862320168	0.514854000078995	6.34101633395013e-05	6.34101652219074e-05	0.139481952297575	6.34101610362126e-05	0.0185188995708507
spot_93	0.00945484551896543	8.39697875425691e-05	8.39697875417836e-05	8.39697875425743e-05	0.298138808448144	0.252537871288101	8.3969787519742e-05	0.344090084691513	0.0952745713277201	8.39697878664682e-05	8.39697875425695e-05
spot_94	9.17669712110011e-05	0.108786813501994	0.131120464644708	9.17669712110132e-05	9.17669709424003e-05	0.581318697751336	0.17312630154264	9.17669712110054e-05	0.00509712073199519	9.17669715398914e-05	9.17669712110253e-05
spot_95	0.00012746563583421	0.000127465635834213	0.25543337504927	0.000127465635834219	0.157596245959367	0.447891724724539	0.000127465635668377	0.133390109839096	0.000127465635834246	0.00492375061288823	0.000127465635834218
spot_96	0.0447424119086719	0.369282077919865	8.75290344510814e-05	0.0407865154101106	0.384633048610638	0.0494985014861918	0.110624979674396	8.65749613610189e-05	8.61203314214949e-05	8.61203314712632e-05	8.6120331421495e-05
spot_97	0.00574556509554479	0.15199681948542	0.0846307260993893	4.38378380270227e-05	0.0571835748709451	0.696629093243873	4.38378376375998e-05	0.00359503197910803	4.38378380270251e-05	4.38378740006736e-05	4.38378380270212e-05
spot_98	0.0470018790256034	0.51521722144833	0.0668519749124163	8.39362264214988e-05	0.370341371028745	8.39362264215391e-05	8.39362262336718e-05	8.39362264215337e-05	8.39362264215398e-05	8.39362265071364e-05	8.39362264784973e-05
spot_99	0.0765450668950613	0.206041349901788	0.000126886167431474	0.000126886167431473	0.328253401574756	0.34265032205625	0.00843088271257008	0.0374445460199397	0.000126886167431474	0.000126886169908981	0.000126886167431469
spot_100	0.0146181509878245	0.155718482253654	0.000145289798347164	0.000145289798347159	0.0185948466739585	0.641482016368812	0.145956959400848	0.000145289798347166	0.000145289798351631	0.0214517086109125	0.00159667651059715
spot_101	0.000198909635563188	0.117325235884583	0.000198909635563164	0.000198909635563185	0.100985568367549	0.180873111200762	0.000198909635555493	0.315368918376795	0.00604991191885303	0.000206176874201698	0.278395438835011
spot_102	0.0490706277374983	0.17408172882237	0.0955100846051054	0.0105548646758764	0.354697101258056	0.315569424716558	8.78975729725761e-05	8.7897572917679e-05	0.000164577892749655	8.78975729782627e-05	8.78975729176805e-05
spot_103	0.000119240493665105	0.29284634264171	0.000119240493665116	0.214342183227093	0.0237438052534569	0.445878223811113	0.00160472008795026	0.0132410234133001	0.000119240493665111	0.000119240493747211	0.00786673959063482
spot_104	0.000131642386527133	0.110917139261317	0.032099529847995	0.000131642386527125	0.441114356862036	0.34310722045635	0.0688090473439868	0.00328528913019767	0.000140847549373054	0.000131642389163498	0.000131642386527128
spot_105	0.0342554221221877	0.123052340457636	8.43821399156799e-05	0.0930231600099323	0.130812951941126	0.0124772341007583	8.43821399253931e-05	0.603243520574721	0.001242916862139	0.00163930751174335	8.43821399156819e-05
spot_106	0.000131920973734626	0.086475345340371	0.136207298476416	0.000131920973734625	0.374197497597647	0.309525763362016	0.000131920973830332	0.0928025693793309	0.000131920973734628	0.000131920975450467	0.000131920973734632
spot_107	0.144214206282871	0.000182233803608513	0.182089707824152	0.247459737973299	0.112019137655469	0.239598741644266	0.000182233803626797	0.0737072996029229	0.000182233803608515	0.000182233802567157	0.00018223380360853
spot_108	8.91212693548373e-05	0.358769493666242	8.91212693566261e-05	0.258405317113493	0.382112219065708	8.91212693566288e-05	8.91212693200019e-05	8.91212693566356e-05	8.91212693566284e-05	8.91212691204043e-05	8.9121269335414e-05
spot_109	0.000189969836788624	0.000189969836788624	0.254723985148367	0.0270519977079274	0.0821646959409459	0.494399537481363	0.000189969836730688	0.0339780433671997	0.104807446177582	0.00211441482951814	0.000189969836788625
spot_110	0.0471424214032473	0.0289904407742839	0.000323278447145343	0.119049145224468	0.131362265271039	0.464181583368813	0.000323278447172842	0.190823059326959	0.000323278447148307	0.0171579708425752	0.000323278447148308
spot_111	0.00652274597291796	0.0914980321509299	0.0709771278028522	0.00183673876761045	0.0895815044411838	0.532571878316056	0.00516454986977812	0.000130968507186048	0.106932777576172	0.000130968495993069	0.0946527080993206
spot_112	6.26450165691164e-05	0.21672642451774	0.0593249864439123	0.0483414072549094	6.26450165683373e-05	0.387814828297672	6.2645016582102e-05	0.18298240737006	0.0104632285963275	6.26450166702897e-05	0.0940961374529891
spot_113	0.00472896381927385	0.358104176864366	0.00779167016266003	0.258735715468108	0.225121177220729	0.0390041050773545	0.000125676886006691	0.000125676885795159	0.000133601697417489	0.00630110004680774	0.0998281358714814
spot_114	0.000328325531977374	0.0802716207094286	0.0131242257225837	0.177621036767385	0.177318869502835	0.476383445884906	0.000328325531976778	0.000328325531992104	0.0367810027092734	0.0159927278568452	0.021522094250797
spot_115	0.012652044364646	0.363406954900989	8.39891902329089e-05	8.39891902329001e-05	0.454993465927864	0.108813693664089	8.39891901910703e-05	8.39891902329079e-05	0.0208557766709096	0.00684725183977954	0.0320948558708327
spot_116	0.146569837922067	0.168618692726671	0.0710057770412119	0.00797580972753262	6.21978561613702e-05	0.468069082013945	6.21978562110908e-05	0.137449811287736	6.21978560099883e-05	6.21978562434262e-05	6.21978562110856e-05
spot_117	0.000157176451727265	0.137262212916761	0.000134248998421396	0.0974002415523179	0.000134248998425365	0.391498339183601	0.000134248998421569	0.37287653590414	0.000134248998421401	0.000134248999342199	0.000134248998421383
spot_118	9.23900125347019e-05	0.240752640119076	0.0222173468539113	0.00902768688958057	0.176237229215572	0.437209201921103	9.23900125347023e-05	0.113964825195568	9.23900125347132e-05	0.00022150975505084	9.23900125346976e-05
spot_119	6.72071190262338e-05	0.00400020583587107	0.221785830621109	6.72071190295126e-05	0.129207792732359	0.607043763127462	6.72071192123356e-05	6.72071190295126e-05	0.03755916502863	6.72070592417487e-05	6.72071190295159e-05
spot_120	0.0991159852648489	0.11429210309149	0.00568702979892269	9.87677637643331e-05	9.87677637594169e-05	0.742053937834465	9.87677637643005e-05	0.0178788764460955	9.87677637643234e-05	0.0204742832639482	0.000102713245177704
spot_121	0.0142944809512215	0.236302772917276	0.267799228680014	0.0186251197775593	6.51712079251237e-05	0.461470917345875	6.51712079407986e-05	6.51712079156266e-05	6.51712079452934e-05	0.00118162428841117	6.51712079156051e-05
spot_122	9.32708673137178e-05	0.0156372653532174	0.0758764308365915	9.32708673137083e-05	0.251563699349873	0.543854896924124	0.112508082360679	9.3270867313718e-05	9.32708673137184e-05	9.32708389472678e-05	9.32708673137124e-05
spot_123	0.091306739092859	0.135118033338071	0.112967619258423	0.21930922881142	9.17692067480057e-05	0.440747764258504	9.17692065427436e-05	9.17692067621081e-05	9.1769206762101e-05	9.17692071461021e-05	9.17692067620804e-05
spot_124	0.0633532091855813	0.266149778098716	0.0791715097476873	8.73630195422372e-05	0.186145308435064	0.404656016415591	8.73630195422418e-05	8.73630195477042e-05	8.73630195422398e-05	8.73630196447811e-05	8.73630195422332e-05
spot_125	0.0914828052174025	0.0400321607249391	0.0238450865063654	0.00797289564482357	0.247441224761636	0.481621496452157	8.19668260815953e-05	0.0534130217800011	0.0539454084343346	8.19668261778255e-05	8.19668260816042e-05
spot_126	8.5756609143402e-05	0.0353985144735331	0.0106584869682961	8.57566091433894e-05	0.0663336338188752	0.276681292226807	9.71349208523054e-05	0.589789206123542	0.0206872418975521	8.57566267952492e-05	9.72197254595121e-05
spot_127	8.78069281580711e-05	0.173431548422382	8.78069281580525e-05	8.78069281580816e-05	0.062110350014646	0.556402402716639	8.78069281696996e-05	0.207441050349112	8.7806928158081e-05	8.78069282609935e-05	8.78069281580771e-05
spot_128	8.69596293642738e-05	8.69596293642741e-05	0.193472997079303	0.496411927493559	0.309349260262674	8.69596293642751e-05	8.69596293986554e-05	8.69596293642538e-05	0.000157097758911608	8.69596293320209e-05	8.69596293642807e-05
spot_129	0.0757526476460301	0.409816901546935	9.33684754264558e-05	9.33684754265943e-05	0.422867689925418	9.33684754265935e-05	9.33684753819515e-05	0.00293008579071224	0.0880724642383293	9.33684754862148e-05	9.33684754265924e-05
spot_130	5.8574903367001e-05	0.141311603416708	0.147031480065099	0.0218128539920253	0.06183087659385	0.421490731031826	5.85749023006607e-05	5.85749033670002e-05	0.206229580359967	5.85749281233427e-05	5.85749033669961e-05
spot_131	0.0823393227113592	0.0901484273938647	0.000245152841520322	0.000245152841520459	0.153930386472343	0.5628830612685	0.000245152841417758	0.0858529057021176	0.000245152841520461	0.0236201322443155	0.000245152841520442
spot_132	0.00732779396083618	0.156650891409581	4.07449798237993e-05	0.0505140703407141	0.575251152786172	0.133901902059159	4.07449798264591e-05	4.07449798236139e-05	0.0755205753149217	0.00067063420931874	4.07449798236141e-05
spot_133	9.14154638426729e-05	0.17960673780252	0.0666601244408327	0.0110819641786466	0.272096654428979	0.467284296958244	9.14154642626083e-05	9.14154638426732e-05	0.00281314485443514	9.141548055144e-05	9.14154638426275e-05
spot_134	8.11604441297677e-05	8.91253885894714e-05	0.408241760695697	8.11604441297666e-05	0.431980915539714	8.11604441297635e-05	0.0513776934156956	8.11604441297717e-05	0.107166305023887	0.000738397715768938	8.11604441297672e-05
spot_135	0.000147837450873271	0.000147837450873239	0.214807321270999	0.000147837450873282	0.29532067070106	0.330429911509493	0.000147837450428295	0.056637672679251	0.000147837450873277	0.000147837450975635	0.101917399134301
spot_136	0.141150458154811	0.0679799178767627	9.05040823837887e-05	0.186395833364763	0.00888192148010658	0.0916874288472498	9.05040827003351e-05	0.503451919864131	9.05040823837904e-05	9.05040823250413e-05	9.05040823837851e-05
spot_137	0.0001991299218073	0.123733093555476	0.000199129921807301	0.108438766743517	0.16746393320525	0.471394482793563	0.000199129921643956	0.112808882467124	0.012463986829372	0.00249995873418586	0.000599505906253788
spot_138	0.0187097570904079	0.0139289049494566	0.095226649363291	4.71924266160444e-05	0.515202486198439	0.279539291115272	4.71924267534303e-05	0.00856558168735796	0.0282311522768734	4.71924266410243e-05	0.0404546000388912
spot_139	8.50138742111072e-05	8.50138741650072e-05	0.232773950217184	0.0138925757016966	0.388978460171912	0.363757113942189	8.50138740727534e-05	8.50138741650046e-05	8.7816720920981e-05	8.50138753192605e-05	8.50138741649873e-05
spot_140	0.000129856154660767	0.0879692928833252	0.13058771771735	0.169548803678294	0.335371280206023	0.137846848865969	0.0187694688044937	0.119387163267077	0.00012985615466075	0.000129856113485146	0.000129856154660746
spot_141	0.0685695459489016	0.212075311268692	8.8846503286693e-05	8.88465032866987e-05	0.0696033411081293	0.641762290602282	8.88465032119716e-05	0.00745643205213495	8.88465028592265e-05	8.88465039289729e-05	8.88465032866848e-05
spot_142	0.128058467999334	0.400231519778182	0.000131540649415934	0.0918182009128896	0.000131540649409458	0.37504120440839	0.00406136300532051	0.000131540649415992	0.000131540649415996	0.000131540648810137	0.000131540649415991
spot_143	0.000138581641383301	0.195133735977655	0.000138581641383244	0.000138581641383283	0.159643783859644	0.503486406045737	0.000138581641396119	0.0149807342847021	0.118498842615677	0.000275955675439135	0.00742621497559919
spot_144	0.0239268075936275	0.166286273624172	0.0444108209016826	0.0162053971058594	0.422713553304867	0.000106362330551216	6.23715589663088e-05	0.264565067124392	6.23715589662765e-05	6.23715589674176e-05	0.0615986033379486
spot_145	0.0422180293686021	0.267832365719553	0.000137237437327863	0.118925605674364	0.413678657008687	0.106440494096494	0.000137237437308957	0.0502186609463859	0.000137237437116539	0.000137237437043296	0.000137237437116522
spot_146	5.857432238102e-05	5.8574322381019e-05	0.157335426326132	0.101150948434631	0.534689913177583	0.108077240340056	5.85743212870292e-05	0.00661274724988272	9.08947667808143e-05	5.85743084201667e-05	0.0918085324304655
spot_147	0.101138269191649	0.40234758971922	0.00243682038850868	0.000235402444695273	0.02422743080903	0.000235402444695273	0.000235402444020604	0.380428996338102	0.0817769778429776	0.00526933333983065	0.00166837503726994
spot_148	0.0567765069485894	0.198880990537937	0.0723937443334243	0.0451058918967947	0.000122428074682492	0.322668006971525	0.19064374952353	0.0100574302682811	0.103106395295051	0.000122428075501312	0.000122428074684028
spot_149	0.000105112437664447	0.266282861181957	0.000105112437664442	0.26426636135764	0.0104380549166189	0.358436718875595	0.000105112437767638	0.00285055187194301	0.0971998896057602	0.000105112439724799	0.000105112437664449
spot_150	0.0166920249421706	0.242356883609374	8.57013582547549e-05	8.57013582547708e-05	0.0319636382588546	0.696441093875518	0.0120321511493584	8.57013582547752e-05	8.57013582547755e-05	8.57013734503321e-05	8.5701358254735e-05
spot_151	8.45888882453629e-05	8.45888882464033e-05	0.0277295625586052	0.0774392759626087	0.314394629349228	0.511814953600445	8.45888880771793e-05	0.048058570031785	0.0201400640562548	8.45888882572535e-05	8.45888882464037e-05
spot_152	4.41985139751855e-05	0.178248405274416	0.0490801731550349	0.162550144544583	0.00188902293382223	0.506459545742376	4.41985138710451e-05	0.0118793655851211	0.00827593807591907	4.4198513939134e-05	0.0814848091469426
spot_153	0.000143085311872529	0.239655591625847	0.000143085311872541	0.000143085311872542	0.419891637604165	0.213500612051847	0.000143085311430768	0.125950561530611	0.000143085311872563	0.000143085316735815	0.000143085311872526
spot_154	8.19217495899615e-05	8.1921749589449e-05	0.00767371841249952	8.19217495894469e-05	0.0063939806222865	0.264452925494778	8.1921748068135e-05	0.594919788794119	0.126068056159693	8.1921770196759e-05	8.19217495894695e-05
spot_155	0.133561642713914	0.00690661967780844	0.157599066805313	0.170550280736888	0.316101124694454	0.117625243662415	0.0121304054988148	0.0846697920497931	0.000285274720140234	0.000285274720318414	0.000285274720140228
spot_156	8.08330804672879e-05	0.0717309953509927	0.0194257458830321	8.08330804672887e-05	0.0803030715044933	0.32934509422282	8.08330805562524e-05	0.32860504901276	0.0438210164851416	8.08330804013768e-05	0.126445695218869
spot_157	7.78567187729399e-05	0.00021437254494932	0.57529871632913	7.78567187768502e-05	0.40033646302953	0.0105908833023822	0.00608758535666927	7.78567187729394e-05	0.00708269584374297	7.78567185010098e-05	7.78567187729399e-05
spot_158	8.62055966995293e-05	8.62055966995574e-05	0.051444206256614	8.6205596699553e-05	0.506285079354084	0.0801966912873071	8.62055966612956e-05	0.297809311468585	0.0637474780531916	8.62055967590392e-05	8.62055966995673e-05
spot_159	0.000111841568889988	0.000150942363286777	0.275333618856994	0.000111841568889991	0.0040321523103468	0.489655089123011	0.000111841569220874	0.230157147929605	0.00011184156888999	0.000111841571975648	0.00011184156888999
spot_160	0.0807364334206933	0.345834872161513	0.000361157462746055	0.00961831566541188	0.000361157462656635	0.288246796528178	0.000361157462746056	0.258159029836047	0.0034110635859089	0.0125488589513528	0.000361157462746055
spot_161	0.0652442183796352	0.00044797877763091	0.750884147319965	9.30796083142385e-05	9.30796083286167e-05	0.165247098413875	9.3079608317163e-05	0.00392049034842597	0.0137906687191084	9.30796080908461e-05	9.30796083094346e-05
spot_162	0.000132419265677971	0.400447232926924	0.000132419265677953	0.00013241926562153	0.121409853127463	0.429896573622891	0.000132419265677976	0.047319405462529	0.000132419265677971	0.00013241926618207	0.000132419265677966
spot_163	5.80643028974575e-05	0.0669298238421828	0.0818729605930131	5.80643029065902e-05	5.80643029707046e-05	0.720641730834928	5.80643029065925e-05	0.130149034582654	5.80643029065916e-05	5.80643297277901e-05	5.8064302906597e-05
spot_164	0.0680497677560112	0.0602505110776976	5.5851791726417e-05	5.58517917266116e-05	0.10431176839071	0.763348784568603	5.58517918467755e-05	5.58517917266159e-05	0.00370405745647287	5.58517917319072e-05	5.58517917463272e-05
spot_165	0.0691177832607321	0.180057081510476	0.0640155969949907	0.000132226189366429	0.014274092283108	0.533782341814337	0.129923627730513	0.00805792775231757	0.000374870085566225	0.000132226189226111	0.000132226189366414
spot_166	0.000135733638514963	0.000135733638514242	0.084853438145135	0.000135733638514276	0.21324086759334	0.680793685905455	0.0101857678841337	0.000135733638514272	0.000135733638514278	0.0101118386408499	0.000135733638514279
spot_167	8.7167189761813e-05	0.0723370785512247	0.182082400484423	8.71671897782272e-05	0.578081130510934	0.166192914690378	8.71671897706744e-05	0.000705501809606027	0.000165138004611627	8.71671897406595e-05	8.71671897707272e-05
spot_168	0.0481375778732826	0.0213538748095394	0.156050822672265	9.74182988902819e-05	0.323608091833501	5.79820392498001e-05	5.79820392490781e-05	5.79820392498033e-05	0.450462304316351	5.79820391717702e-05	5.79820392498058e-05
spot_169	7.73235276858907e-05	0.131943353078247	7.73235276858534e-05	7.73235276858824e-05	0.345424028643045	0.433718656968023	7.73235276858534e-05	0.088218266919142	8.12658289291232e-05	0.000227810924184995	7.73235276858862e-05
spot_170	0.0480580362001987	0.0442937085517897	0.000306565337712478	0.022329197427142	0.236353461856939	0.542710857346773	0.0457355417011514	8.5846318836904e-05	0.0588461373457475	0.00119480159487195	8.58463188369039e-05
spot_171	0.0361029663114404	0.0723355686762159	0.0647093171272223	0.00349882941195838	0.562933427380221	0.208802134458236	9.04358806358628e-05	0.0511654448593223	0.000181004132550616	9.04358812049016e-05	9.04358809927692e-05
spot_172	0.00633100656378162	0.0218882848733478	0.252416060358506	5.95272551290804e-05	5.95272540504703e-05	0.411206575192153	5.95272551031329e-05	0.307800909482554	5.95272552037007e-05	5.95272550422361e-05	5.9527255129042e-05
spot_173	0.0352073149239632	0.156963356916092	0.0744542881262189	8.36052922952326e-05	0.0111216028107005	0.449436570249502	8.36052914259072e-05	0.272398840514368	8.36052908280321e-05	8.36052923111836e-05	8.36052922952299e-05
spot_174	0.187579316895369	0.0516878302736989	0.0260034232751392	0.000209443395281218	0.000209443400320538	0.501822692354955	0.0682460107571531	0.137947857730557	0.00020944339530724	0.0258750951269375	0.000209443395281218
spot_175	0.000180693384929563	0.000180693384929557	0.191455686478813	0.0650706230707058	0.159980493744502	0.225638698949828	0.000180693385026028	0.356770337446459	0.000180693384929559	0.000180693384946941	0.000180693384929548
spot_176	0.105381716530019	0.125061713084288	8.63558445040861e-05	0.0885070203468115	0.141201218211024	0.423496029963072	8.63558445040855e-05	0.115920522668523	8.63558445040863e-05	8.63558182458959e-05	8.63558445040698e-05
spot_177	0.0378401600610323	0.156912961682032	0.000153574357723765	0.000153574357724403	0.45982667299679	0.338765954847878	0.000153574357722756	0.00141086264895014	0.000153574357724409	0.0044755159746989	0.000153574357724417
spot_178	0.14473676338791	0.161163697222386	0.0468948374472153	8.875694993146e-05	0.00371885899420597	0.362126677031165	0.00705189602022404	0.249881002563842	0.0241599964950292	8.8756938159274e-05	8.87569499314794e-05
