B	CD4Tconv	CD8Tex	Endothelial	Fibroblasts	Malignant	Mast	Mono.Macro	Myofibroblasts	Plasma	Tprolif
spot_1	0.00324417744886024	8.35355762179415e-05	0.277746435929556	8.35355762179447e-05	0.00842709675782392	0.704402125582516	8.35355762137262e-05	0.00446151856172093	0.00130096781987343	8.35355947824225e-05	8.3535576217945e-05
spot_2	0.00390660526956746	4.61390707259078e-05	0.233689700649586	4.61390707259049e-05	4.61390710651348e-05	0.761505813474266	4.61390707199536e-05	4.61390707520995e-05	4.61390707467258e-05	0.00057490711111935	4.6139070725904e-05
spot_3	2.89931323773484e-05	0.0380926355084821	0.109053827035102	2.89931323773589e-05	2.89931324435313e-05	0.596704685012008	2.89931325511506e-05	0.255945900517479	2.89931323825231e-05	2.89931325441389e-05	2.8993132253979e-05
spot_4	9.36010974110823e-05	9.3601097408452e-05	0.261933369971314	0.00422479460680702	0.0059502476579049	0.72723638008249	9.36010973830439e-05	9.36010974358863e-05	9.36010974084801e-05	9.36010969750487e-05	9.36010974619553e-05
spot_5	5.59201164835276e-05	0.00964363217342649	0.0831455306500277	0.00472183448132314	5.59201165272307e-05	0.79714209846366	0.084288357152883	0.0177967249345676	0.00303814164758766	5.59201470295287e-05	5.5920116484206e-05
spot_6	6.47629694210641e-05	0.000124502222005882	0.256250516060766	6.4762969421737e-05	6.47629695649551e-05	0.743106877960374	6.47629691260601e-05	6.47629693779857e-05	6.47629692706761e-05	6.47629711854783e-05	6.47629694856433e-05
spot_7	6.67228104506501e-05	6.672281044847e-05	0.186751373654237	0.00111486561440394	6.67228104352569e-05	0.79495102839039	6.67228104947925e-05	6.67228104859264e-05	0.0167156726395625	6.67228386435442e-05	6.67228104485768e-05
spot_8	6.30365747305414e-05	6.30365747313427e-05	0.160941022556596	6.30365747306632e-05	0.000292910973581048	0.837383325592997	6.30365746324045e-05	6.30365747316477e-05	0.000941484870546295	6.3036557992087e-05	6.30365747313463e-05
spot_9	0.00957630719704659	0.000103746415066836	0.17775620811391	6.62055873084023e-05	6.62055872201679e-05	0.810315432515885	6.62055874246281e-05	0.00185107223344182	6.62055872982807e-05	6.62055880895e-05	6.62055873084031e-05
spot_10	2.06642969537383e-05	0.0171900096249297	0.294351640121416	2.06642969506005e-05	0.000133035266747975	0.687417318398464	2.06642969394409e-05	2.0664296975276e-05	2.06642969110082e-05	2.06642968338877e-05	0.000784010806878003
spot_11	9.42814972211106e-05	9.42814972211457e-05	0.172169500404346	9.42814972215888e-05	9.42814972888394e-05	0.383301029187289	9.42814973805303e-05	0.44377521842458	9.42814972211511e-05	9.4281502022731e-05	9.4281498207449e-05
spot_12	1.36849443794499e-05	0.0173279058772484	0.355757367295405	1.36849443795027e-05	1.36849443781222e-05	0.610511269737546	1.36849443779507e-05	0.012091226871359	0.00421712503576763	1.36849442314007e-05	2.66804609273722e-05
spot_13	0.0239769220655826	6.82562955803891e-05	0.288147408649036	4.78121251011622e-05	4.78121252674285e-05	0.687472728112468	4.78121250891273e-05	4.78121250945958e-05	4.78121251268229e-05	4.78121264196371e-05	4.7812125234352e-05
spot_14	6.2938860007378e-05	0.195819614676447	0.107722367216777	6.29388600073539e-05	6.29388595785177e-05	0.52134224872148	6.29388605046252e-05	0.174675197367285	6.29388600073531e-05	6.29388583851544e-05	6.29388595213898e-05
spot_15	0.00397168052683261	0.0192769865320341	0.116073844326637	2.89600809110973e-05	2.89600807872535e-05	0.251018307391332	2.89600808483414e-05	0.604452585769211	0.00506179504992633	2.89600806241743e-05	2.89600808563642e-05
spot_16	4.02945007010024e-05	0.30268074388521	0.140628661357241	4.02945007021828e-05	4.02945011242074e-05	0.556368238751005	4.02945009619513e-05	4.02945007030309e-05	4.02945007010022e-05	4.02945009502458e-05	4.02945007010038e-05
spot_17	6.14730915341414e-05	0.0178552806878351	0.176170876446781	6.14730915301105e-05	6.14730915487992e-05	0.805482058132523	6.14730911708654e-05	6.14730915574787e-05	6.14730915348951e-05	6.14730924501301e-05	6.14730915348956e-05
spot_18	2.08901621325985e-05	0.210438483517756	0.0278229382272206	2.08901621314331e-05	2.08901621482874e-05	0.761571457037466	2.089016213203e-05	2.08901621330417e-05	2.08901621311699e-05	2.08900825424277e-05	2.08901622066162e-05
spot_19	6.117678597247e-05	6.11767859722727e-05	0.0804348029537702	0.000786350173021535	6.11767859846935e-05	0.918251046856224	6.11767859740692e-05	6.11767859767189e-05	6.11767859722595e-05	6.11768189898816e-05	9.95624821415235e-05
spot_20	8.80904745035886e-05	8.80904745036309e-05	0.188330374869058	0.00100714763661497	8.80904745097038e-05	0.499848985682283	8.80904745621557e-05	0.304570738093553	0.00570513887967883	8.80904727896764e-05	9.7162467943718e-05
spot_21	2.30350397246977e-05	0.0452322437680459	0.293010442953493	2.30350397249526e-05	2.30350397206929e-05	0.635018699257978	0.0247046887608679	2.30350397275588e-05	0.00189571502180528	2.30350392352116e-05	2.30350396762874e-05
spot_22	6.19017351788905e-05	0.343812759730125	6.19017351796752e-05	6.19017351932592e-05	6.19017353522274e-05	0.655630124637738	6.1901735172649e-05	6.19017352112577e-05	6.19017351954197e-05	6.19017506146829e-05	6.19017350390317e-05
spot_23	0.000144329732442788	8.84082477191684e-05	0.209674895759606	8.32991566360726e-05	8.32991566347689e-05	0.257213227907743	0.13175208976416	0.400710552810713	8.32991562767796e-05	8.32991512676932e-05	8.32991568007503e-05
spot_24	0.00468741366745494	6.64459132812595e-05	0.315456649061643	6.64459132812778e-05	6.64459133066823e-05	0.668726387634439	0.00780057565213662	7.54833140719574e-05	6.64459132900773e-05	6.64459126496548e-05	0.00292126110444509
spot_25	2.88069912135986e-05	0.325514591350636	0.0643010268501146	2.88069912136089e-05	2.88069929768261e-05	0.60995392586991	2.88069913313326e-05	2.88069912270399e-05	2.88069924903661e-05	2.88069876727784e-05	2.88069912136059e-05
spot_26	0.0106126791659011	0.0762921396771803	0.15976857502362	0.00380554484771068	4.53707385366424e-05	0.746914395063235	4.53707382172344e-05	0.00237981252962794	4.53707381966634e-05	4.53707395699367e-05	4.5370738204278e-05
spot_27	4.10079710860047e-05	0.0936725515522829	0.109654074232693	4.10079710823289e-05	4.10079723074333e-05	0.786857882121052	4.10079718949039e-05	0.00952728843047413	4.10079710823286e-05	4.10080087602249e-05	4.21557972855982e-05
spot_28	5.9033880250489e-05	0.00017609252500078	0.528326462401933	5.90338802504892e-05	0.000509014147205042	0.470575193762808	5.90338802877345e-05	5.90338802820057e-05	5.90338802543131e-05	5.90338814772465e-05	5.90338802504875e-05
spot_29	3.96650552207593e-05	3.9665055220729e-05	0.209007489148103	3.96650552207406e-05	3.96650549816371e-05	0.49196598982172	3.96650552215966e-05	0.298705959322004	3.9665055220743e-05	3.96650560085731e-05	4.29063210773674e-05
spot_30	0.00150118652245875	0.00867349837651164	0.219543531277496	3.97346467069551e-05	3.97346467108037e-05	0.769021366205527	3.97346467154268e-05	3.97346467115176e-05	0.00102200973855079	3.97346458412555e-05	3.97346467700117e-05
spot_31	6.02072335912152e-05	6.33539943249581e-05	0.261952074272922	6.02072335901852e-05	6.02072336141797e-05	0.737502913867257	6.02072344962365e-05	6.02072336008077e-05	6.02072336532483e-05	6.02072292047243e-05	6.02072337460805e-05
spot_32	4.6691529822303e-05	0.172183148267546	0.0200059975880961	0.00275951455162962	0.00159061850118409	0.543192334983687	4.66915298177048e-05	0.260034928458879	4.66915298223039e-05	4.66915296936244e-05	4.66915298223026e-05
spot_33	4.45632351006705e-05	0.0982765739509914	0.285906593428579	0.000459770429174536	4.45632349402177e-05	0.615045119544877	4.45632351055546e-05	4.45632351052161e-05	4.45632351025684e-05	4.4563235564807e-05	4.45632354586069e-05
spot_34	0.00138773289660242	0.102025951688814	0.141361920941471	4.5356526182629e-05	4.53565255291047e-05	0.648522753097299	4.53565264338405e-05	0.106429502217053	4.53565261978798e-05	4.53565282357652e-05	4.53565261826345e-05
spot_35	9.20594039521173e-05	0.255812259992384	0.0350880147388014	9.20594039458772e-05	9.20594037035653e-05	0.708363250045357	9.20594037605503e-05	9.20594039445085e-05	9.20594039748901e-05	9.20594024718794e-05	9.20593977048592e-05
spot_36	6.34373458663397e-05	0.346753926040223	0.15607731133341	6.34373458723926e-05	0.00119420234472235	0.495530498859793	6.34373457748846e-05	6.34373458500205e-05	6.34373458815054e-05	6.34373467339785e-05	6.34373458724792e-05
spot_37	4.12313699363607e-05	0.0781594459522243	0.175494447590272	0.012891360294497	4.1231369952227e-05	0.433562723259156	4.12313699173107e-05	0.296632034252923	0.00305383180149193	4.12313697627035e-05	4.12313698676515e-05
spot_38	6.24150936767672e-05	6.24150936767735e-05	0.257415316682402	6.24150936843174e-05	6.24150936908456e-05	0.742022947470191	6.24150936816991e-05	6.24150937275545e-05	6.24150937118322e-05	6.24150978797561e-05	6.24150936767576e-05
spot_39	6.76775908516802e-05	6.76775908516842e-05	0.17249261836242	0.00135045339739197	0.00762772311493682	0.81665928242977	0.000367741088711439	6.7677590831127e-05	0.00116379364759916	6.76775958421658e-05	6.76775907944637e-05
spot_40	0.000141710977687267	0.336318807074972	0.0472551472593317	0.000141710977724038	0.000141710977553349	0.608837746322181	0.000141710977699218	0.0031861422590744	0.00355189121973709	0.000141710976333481	0.000141710977706399
spot_41	3.10250399332231e-05	0.240468048660806	0.154022029481907	3.10250399207529e-05	3.10250400052197e-05	0.60526172153775	3.10250397895338e-05	3.10250399435126e-05	3.10250399328191e-05	3.102504007877e-05	3.1025039933225e-05
spot_42	9.11428077893571e-05	9.11428077967283e-05	0.421583334982156	9.11428077729594e-05	0.00456269465944432	0.573124827896087	9.11428077950991e-05	9.11428077818934e-05	9.11428077398478e-05	9.11428078409457e-05	9.11428077967306e-05
spot_43	2.99803296873628e-05	0.312347876526367	0.188026133574642	2.9980329716752e-05	2.99803296934536e-05	0.499303180362628	2.99803296595501e-05	2.99803297647488e-05	2.9980329787724e-05	2.99803305980979e-05	0.000112947227455792
spot_44	4.28195586113159e-05	0.0619703510652104	0.294894324383026	4.28195586148619e-05	4.28195586968289e-05	0.64183020784036	0.00100537980113747	4.28195586030066e-05	4.28195585927698e-05	4.28195585355672e-05	4.28195586113117e-05
spot_45	4.46022700579634e-05	4.46022700579532e-05	0.150133694427708	4.4602270057407e-05	4.46022700903785e-05	0.493957196548403	4.46022700741473e-05	0.347188451293127	4.46022700383251e-05	6.04214345908839e-05	0.00839262267579565
spot_46	9.5587586753028e-05	9.55875867530412e-05	0.191644444000552	9.55875867530111e-05	0.00858451801370509	0.670236430722008	9.55875864880969e-05	0.124666270328592	0.00426811966610783	9.55875802488025e-05	0.00012227934203868
spot_47	3.50610199935274e-05	0.15042727383183	0.106955204493207	3.50610200013657e-05	0.00334136453951554	0.738480580873466	0.000585210138282044	3.50610199893146e-05	3.50610176355367e-05	3.50610260859169e-05	3.50610199939463e-05
spot_48	8.15453937770231e-05	8.81268433249733e-05	0.284290709820819	0.000176550512418642	0.0106764282840047	0.496591073306016	8.1545393786227e-05	0.207769384264994	8.15453937777553e-05	8.1545393304346e-05	8.15453937770339e-05
spot_49	0.000128360020093422	0.668875613505007	0.000128360020093423	0.00362827463057961	0.000128360020250928	0.226475600719287	0.0718851345581084	0.0283652164623774	0.000128360020192825	0.000128360023135486	0.000128360020874128
spot_50	2.9317926076193e-05	0.0588371117534207	0.133066187758438	0.00129972787083971	2.93179260856855e-05	0.805974081807574	2.93179259519859e-05	0.000496140013912202	2.93179260829396e-05	2.93179270631033e-05	0.000180161164555446
spot_51	4.53551351834991e-05	0.034764433965171	0.199072600046091	4.53551351822033e-05	0.000523933394239256	0.763271279926184	4.53551352019943e-05	4.53551351801046e-05	0.00209562185722639	4.53551351858334e-05	4.53551351546068e-05
spot_52	4.08620765452631e-05	0.212404187773762	0.0857509430685629	4.08620765181076e-05	0.00222733683703862	0.348039909072224	4.0862076494847e-05	0.351332450787845	4.08620765174953e-05	4.08620779738366e-05	4.0862076518109e-05
spot_53	6.78982432005231e-05	6.45034238742776e-05	0.188033112047827	6.45034238822971e-05	6.45034240546315e-05	0.633627729108835	6.45034239861196e-05	0.177815097492754	6.45034238615766e-05	6.45034256630638e-05	6.91425620612059e-05
spot_54	3.04765216014874e-05	0.229204451008911	0.0593951698108283	3.04765216014827e-05	3.04765216551856e-05	0.711144152695836	3.04765227298615e-05	3.04765216016958e-05	3.04765206427957e-05	3.04765232110014e-05	4.28908313813515e-05
spot_55	4.42511655579401e-05	4.42511655548285e-05	0.119272130311742	4.4251165551222e-05	4.42511656478649e-05	0.880329609199102	4.42511654845774e-05	4.42511655475109e-05	4.42511655548272e-05	4.42511647017539e-05	4.42511655548278e-05
spot_56	2.03258942167339e-05	0.0124184197539717	0.241215873982331	2.03258942167351e-05	2.03258942240118e-05	0.74620309911153	2.03258942311487e-05	2.03258942179249e-05	2.03258942138391e-05	2.03258926548199e-05	2.03258941927465e-05
spot_57	2.17097184342681e-05	0.025315651743955	0.127434508257849	2.1709718434264e-05	2.17097184618649e-05	0.707505984707668	2.17097184375711e-05	0.139591887262523	2.17097184342657e-05	2.1709717349927e-05	2.17097184517432e-05
spot_58	0.000892917499326186	0.221527991452584	0.000135247852133442	0.00202733649530712	0.000135247852095955	0.482869033616802	0.000135247852132353	0.291871233820362	0.000135247852156001	0.000135247855559746	0.000135247851541441
spot_59	4.21007020497974e-05	8.70629260315666e-05	0.302114838666809	4.21007020550489e-05	4.21007020935388e-05	0.69622223066692	4.21007020430052e-05	0.0012811628250139	4.21007021251254e-05	4.21007028091994e-05	4.21007020497976e-05
spot_60	3.44869798639705e-05	0.171743969675433	0.170074112431447	3.44869798682828e-05	3.44869798206939e-05	0.65521577672619	3.44869798753819e-05	0.0027247323200565	3.44869800452657e-05	3.44869675086346e-05	3.44869798915061e-05
spot_61	4.60555966835545e-05	4.60555966929578e-05	0.151691807184721	0.00242375300868704	4.60555967420692e-05	0.844483799372811	4.60555966910009e-05	4.60555966914785e-05	4.60555966988203e-05	4.60555974501645e-05	0.00107825125613165
spot_62	9.2147574087635e-05	0.118851213290546	0.0940508867271615	9.21475740887457e-05	9.21475738117968e-05	0.33463176626685	9.21475738395387e-05	0.451821100695987	9.2147574109784e-05	9.21475754307494e-05	9.21475740876327e-05
spot_63	4.18670676362816e-05	0.09432790260991	0.0644149603250293	0.00288891497907605	4.18670676347231e-05	0.720324082348014	6.16634097533106e-05	0.0899665328460713	0.0277003002174702	4.1867067050581e-05	0.000190042062354562
spot_64	6.1377035612542e-05	0.229415696384851	0.175163396254146	6.13770356157531e-05	0.00823296501908091	0.58652185153493	6.1377035214274e-05	0.000297828594816602	6.13770356149477e-05	6.13770345020695e-05	6.13770356157534e-05
spot_65	4.11343069747171e-05	0.0240105174006368	0.244987960881939	0.00111953400237093	0.0430215639175624	0.683868927574299	0.00155136116325706	0.000430282494947183	0.000886449647142516	4.1134303899047e-05	4.11343069713515e-05
spot_66	0.000135703626889734	0.334651888016006	0.00013570362686117	0.00566026082477932	0.00657208512514457	0.652165840646282	0.00013570362687548	0.000135703626877788	0.000135703626861245	0.000135703626067996	0.000135703627354153
spot_67	6.11810464345802e-05	6.11810464354505e-05	0.255450377047618	6.11810464354614e-05	6.11810464717655e-05	0.740693187532194	0.00336698704815331	6.11810464323016e-05	6.11810464347093e-05	6.1181047011195e-05	6.11810463785796e-05
spot_68	6.17667382913983e-05	6.17667382878922e-05	0.314210500853522	6.17667382975589e-05	6.17667382347742e-05	0.680758900797702	6.17667383941595e-05	6.17667382935751e-05	0.00453646444301019	6.17667376810095e-05	6.1766738286059e-05
spot_69	0.0368631406737135	0.153566761706222	0.15184258786399	4.08009683002389e-05	4.080096822375e-05	0.619621192773038	4.0800967791178e-05	0.0378615111741386	4.0800968329067e-05	4.08009679542813e-05	4.08009683002123e-05
spot_70	1.31300849129969e-05	0.0253432905362081	0.261520955760997	1.31300849129904e-05	0.00124928643354994	0.434883858522032	1.31300848870244e-05	0.274584793897887	1.31300849085912e-05	1.31300848867919e-05	0.00235216442481665
spot_71	0.000104165355311081	0.287368486744838	0.0225502279517031	0.000104165355314417	0.000104165355225966	0.689247962459975	0.000104165355494519	0.00010416535538995	0.000104165355374294	0.000104165356054268	0.000104165355319403
spot_72	4.56629429115848e-05	0.0862400890651793	0.104145851666956	4.56629429238782e-05	4.56629433731767e-05	0.809248755712523	4.56629430155365e-05	4.56629430504094e-05	4.56629433214529e-05	4.56629538295962e-05	4.56629429167867e-05
spot_73	6.37904889564585e-05	0.0331592464283172	0.209480819228196	6.3790488964435e-05	6.37904891039622e-05	0.321394195162561	6.37904889148654e-05	0.435519205756092	6.37904889456488e-05	6.37904909927923e-05	6.37904889565069e-05
spot_74	2.982893352099e-05	0.114657399441565	0.0807767187452805	0.000767802402611612	2.98289335397462e-05	0.803589276888742	2.98289332396042e-05	2.9828933520064e-05	2.98289335216939e-05	2.98289209307304e-05	2.98289335277256e-05
spot_75	2.68699329883791e-05	0.0986509212584454	0.0782285208875277	2.68699330029948e-05	0.00145282074188194	0.820413711544538	0.00109280596860114	2.68699329967615e-05	2.68699330028699e-05	2.6869934357505e-05	2.68699326569443e-05
spot_76	4.06865295312601e-05	0.0140698098014164	0.281089787746003	4.06865295307479e-05	4.06865295253128e-05	0.585020327367906	4.06865295122447e-05	0.119535269378869	4.06865295333015e-05	4.06865286401574e-05	4.0686529531264e-05
spot_77	6.5067875607156e-05	0.0471285178277532	0.227775818504738	6.50678756155339e-05	0.000767221181302139	0.721154212556095	6.50678764767971e-05	0.00278382266773152	6.50678756323935e-05	6.50678834416979e-05	6.50678756071603e-05
spot_78	3.06762614882023e-05	0.0531839141556686	0.257533791556036	3.0676261488281e-05	3.06762620596867e-05	0.394285564973886	3.06762614937656e-05	0.294781995487986	3.06762614935673e-05	3.06762570529922e-05	3.06762613470809e-05
spot_79	2.90878360648082e-05	0.175166643438698	0.211152406478908	2.9087836061827e-05	2.90878359792832e-05	0.613448247398362	2.90878356161478e-05	2.90878360840481e-05	2.90878360675807e-05	2.90878320930727e-05	2.90878360648012e-05
spot_80	0.0307285783207302	9.57105025050799e-05	0.168956912140433	5.06478475810085e-05	5.06478474606929e-05	0.74712951757517	5.064784764746e-05	0.0527390271075456	5.06478475767089e-05	5.06478473688584e-05	9.70151159808858e-05
spot_81	0.00147374366759947	0.00808693085933268	0.161064182083372	1.85257270113777e-05	1.85257270108869e-05	0.829245463300588	1.85257270338366e-05	1.85257270113782e-05	1.8525727011378e-05	1.85257270457796e-05	1.85257269834743e-05
spot_82	1.40035095383102e-05	0.00306482594190468	0.1638029460117	0.00854198420382033	0.0462636125198019	0.737415149636684	1.40035142560271e-05	0.0408414641432299	1.40035095383115e-05	1.40034994966573e-05	1.40035100297668e-05
spot_83	6.59478656833648e-05	0.000203449173134407	0.280084207082392	6.59478657032103e-05	6.59478658149359e-05	0.719184760816755	6.59478659481807e-05	6.59478656548635e-05	6.59478656866878e-05	6.59478675429632e-05	6.59478656841843e-05
spot_84	1.03807827549668e-05	0.0450745178539672	0.212943729107826	1.03807827549421e-05	1.03807827361097e-05	0.741897857263107	1.03807828097725e-05	1.03807827589052e-05	1.03807827549423e-05	1.03807717155071e-05	1.12303068147477e-05
spot_85	0.0114898266993364	0.0375676615312032	0.227288142492632	3.13688589136799e-05	3.13688589503653e-05	0.663812084770688	3.13688589176495e-05	0.0596511242002111	3.13688588796769e-05	3.13688590661769e-05	3.43160112023941e-05
spot_86	5.9191387156521e-05	0.00926928575795108	0.178881104195034	0.000689069695805061	5.91913871637399e-05	0.810089669788509	5.91913872045593e-05	5.91913871718876e-05	0.000628503100590342	5.9191390278234e-05	0.000146410523135076
spot_87	8.35436729383649e-05	0.496938932296221	8.35436729383653e-05	8.35436729487834e-05	8.35436729015182e-05	0.441162492525107	0.0612302257904105	8.35436728945027e-05	8.3543673379346e-05	8.35436773216168e-05	8.35436729383476e-05
spot_88	0.00234321317989536	0.0263123126438717	0.271548823413318	1.40339723301274e-05	1.40339723586307e-05	0.695575949947149	1.40339723213263e-05	0.00413549698183931	1.40339723290931e-05	1.40339722578662e-05	1.4033972330127e-05
spot_89	4.23621884847828e-05	4.23621884609267e-05	0.140944396033654	4.23621884634623e-05	4.23621885161495e-05	0.858674344268551	4.23621884494055e-05	4.23621884662113e-05	4.23621884839523e-05	4.23621900175272e-05	4.23621884526728e-05
spot_90	2.50388847149854e-05	0.0102931080501753	0.2008672885303	2.50388847153993e-05	0.000494673594141354	0.784807205424027	2.50388847157692e-05	2.50388847155128e-05	0.0033874910928577	2.50388849217949e-05	2.50388847154e-05
spot_91	2.78495311225021e-05	0.000223177898854723	0.166941763057312	2.78495311187112e-05	2.78495311179565e-05	0.832612262754266	2.7849531853187e-05	2.78495311187112e-05	2.78495304017158e-05	2.78495717370762e-05	2.78495310967485e-05
spot_92	1.93678780883553e-05	0.0235998575868625	0.152888355785041	0.00943301769669686	1.93678780809425e-05	0.790756592275225	1.93678780909809e-05	0.000957533080692551	0.0222678041850033	1.93678781282698e-05	1.93678780905768e-05
spot_93	3.41481347993099e-05	0.158318389849614	0.0775877825647873	0.0016546328554271	3.17202343581073e-05	0.741803756400582	0.00269569425856451	0.0177787149988907	3.17202343308499e-05	3.17202343017339e-05	3.17202343444275e-05
spot_94	6.03612538607742e-05	0.0682955987500308	0.155087540823926	6.03612538769346e-05	0.000403283171044634	0.720569725245142	0.0552816844875409	6.03612538852316e-05	6.03612538461852e-05	6.03612529554012e-05	6.03612538914211e-05
spot_95	4.62215546537009e-05	0.0337774350720162	0.201674709710432	4.62215546471393e-05	4.62215547950169e-05	0.662011148299885	4.6221554777668e-05	0.0996664107857799	4.62215546234517e-05	4.62215560992359e-05	0.00259296680229119
spot_96	6.34432485265235e-05	0.275404884616991	0.0210954265033618	6.34432485265247e-05	6.34432485518008e-05	0.601604288859214	6.34432488510508e-05	0.101451297279344	6.34432485350828e-05	6.34432495718562e-05	6.34432485265263e-05
spot_97	3.18789747964e-05	0.144065975560067	0.176956777608005	3.18789747894428e-05	3.1878974753226e-05	0.676483367644839	3.18789746751339e-05	0.0022707263635596	3.1878974790216e-05	3.18789749357937e-05	3.18789747894434e-05
spot_98	2.92285087184204e-05	0.204162533117457	0.132516101327109	2.92285087220386e-05	2.92285084313333e-05	0.663087537486774	2.92285087153996e-05	2.92285087251184e-05	2.92285083663406e-05	2.92285085946979e-05	2.92285083864144e-05
spot_99	0.0225904655379786	4.23209416241321e-05	0.349936040432422	4.20321992582219e-05	4.20321992616066e-05	0.536795505884295	4.20321992499355e-05	0.090367726417252	4.20321992541114e-05	4.20321996732532e-05	5.77797897311957e-05
spot_100	1.98302360053984e-05	0.000222394154313189	0.128685712179295	1.9830235983308e-05	1.98302362625353e-05	0.870691107694137	0.000261974320030542	1.98302359833082e-05	1.98302359833082e-05	1.98302360981095e-05	1.98302359085963e-05
spot_101	0.000104200258323327	0.000104200258320204	0.171664494727474	0.000104200258320201	0.00130448651960458	0.826197416693359	0.000104200258334332	0.000104200258396037	0.000104200258320202	0.000104200251228257	0.000104200258320203
spot_102	2.20367969860735e-05	0.00417494442063283	2.20367969860788e-05	2.20367969860724e-05	2.20367975677094e-05	0.0443682503196373	2.20367969705694e-05	0.893688804891501	2.20367969889406e-05	2.20367979606797e-05	0.0576137427877826
spot_103	1.08140091340854e-05	0.0588664192303438	0.253470604300826	1.08140091339528e-05	1.08140090937117e-05	0.68757646439617	1.08140091493369e-05	1.08140091283451e-05	1.08140091371199e-05	1.08140087495464e-05	1.08140091337484e-05
spot_104	2.20398805024939e-05	0.0846409864227206	0.213656318249466	2.20398805060064e-05	2.20398879717331e-05	0.70152637635633	2.20398734064308e-05	2.20398805218369e-05	2.20398833877319e-05	2.20398046809112e-05	2.20398805059694e-05
spot_105	0.000202492184664065	0.249469933704983	6.06072735599938e-05	6.06072735599878e-05	6.06072733960972e-05	0.496249649544886	6.06072737173914e-05	0.253653673649471	6.06072735984451e-05	6.06072745744739e-05	6.06072735896492e-05
spot_106	2.81926750213715e-05	0.155399029501434	0.34377202202198	2.81926750213633e-05	2.81926750054003e-05	0.497789853604754	2.81926750424713e-05	0.00284174614632619	2.81926750266086e-05	2.81926753665347e-05	2.81926750213695e-05
spot_107	7.95607124568702e-05	0.000148642314533216	0.302073765029152	0.000141192638416233	0.0018248155870686	0.663221038406667	0.0261336575279778	7.95607124522657e-05	0.0019320389120454	7.95607117166815e-05	0.00428616744751382
spot_108	2.6814854808895e-05	0.156673379300941	0.156455650278435	1.89991271978843e-05	1.8999127203608e-05	0.619326962626508	1.8999127202176e-05	0.0539970203669537	0.013421995512914	1.89991274262816e-05	2.21805504103466e-05
spot_109	2.91149506812485e-05	0.208753758091995	0.26727979318641	2.9114950680889e-05	2.91149506662647e-05	0.50364145929049	2.91149506647773e-05	0.0201211847769596	2.91149506209021e-05	2.91149501018944e-05	2.91149507294869e-05
spot_110	0.000518136618450895	0.103565010233958	0.190705888697487	1.47371056725471e-05	1.47371057145323e-05	0.705107804710726	1.47371056648742e-05	1.47371056663034e-05	1.47371056702711e-05	1.47371053217973e-05	1.47371056670853e-05
spot_111	0.00391357031399477	0.354758552058579	0.238824778540034	2.05111552441472e-05	0.000124491809937915	0.40225554034603	2.05111552836614e-05	2.05111552557121e-05	2.05111552622792e-05	2.05111551144983e-05	2.05111552639201e-05
spot_112	0.000636321741273198	0.191389833493834	0.0733015677853599	8.95877826805261e-05	8.95877827061149e-05	0.705763725978726	0.00124918531249068	0.0272114267720833	8.95877826879992e-05	8.95877854774346e-05	8.95877826805178e-05
spot_113	0.0251029994302285	0.000129611247875307	0.384601839794533	0.000917299358237926	9.6643187442224e-05	0.445443114592653	9.66431875931662e-05	0.143321919634884	9.6643187463939e-05	9.66431915647061e-05	9.6643187523675e-05
spot_114	9.61826558509996e-05	0.309160963143986	0.0185693365255362	9.6182655844572e-05	9.61826558631345e-05	0.597994847516246	9.61826556593519e-05	0.0287625564738589	0.0449352003982756	9.61826630289174e-05	9.61826558509967e-05
spot_115	4.2379505659855e-05	0.198391387952273	0.119194602797702	5.43948314758357e-05	4.23795056540126e-05	0.523136804747723	0.00787971255014823	0.150439219235291	0.000734359862878497	4.23795055304376e-05	4.23795056640228e-05
spot_116	5.8153209809907e-05	0.1653737267317	5.8153209809903e-05	5.81532098098674e-05	5.81532095460861e-05	0.487404795014109	5.81532098042595e-05	0.34675625257839	5.81532096651053e-05	5.81532075118341e-05	5.81532098440802e-05
spot_117	0.00191824956861354	0.00478088718352697	0.30457240346473	4.6223484541096e-05	4.62234845698723e-05	0.687035345624464	0.00141577324822774	4.62234845246507e-05	4.62234845526825e-05	4.62234876432704e-05	4.6223484605808e-05
spot_118	8.44366612558575e-05	8.4436661348086e-05	0.263833508114524	8.44366613482124e-05	8.44366606668803e-05	0.582399667447087	8.44366613832526e-05	0.153091331152371	8.44366612849854e-05	8.44366571046431e-05	8.4436661626113e-05
spot_119	4.11680706413465e-05	0.0449275233153057	0.0262957841786577	4.11680706413581e-05	4.1168070208715e-05	0.290714421207903	4.11680706251393e-05	0.635957893396619	0.00185736947844823	4.11680703079049e-05	4.11680706413582e-05
spot_120	9.83185572501836e-05	0.0718577195819399	0.193065089955671	9.83185572293022e-05	9.83185566899371e-05	0.732431407607357	0.00195755295156748	9.83185571616386e-05	9.83185573045257e-05	9.83185604379851e-05	9.83185573909819e-05
spot_121	0.00167583154457542	0.349301523776325	9.00583211159624e-05	0.000770930893766007	9.00583213095524e-05	0.437687030236908	9.00583210742064e-05	0.210024333622843	9.00583210613904e-05	9.0058319965452e-05	9.00583210556404e-05
spot_122	5.7761271627765e-05	5.77612716278022e-05	0.309495889786502	5.77612716270859e-05	5.77612717339858e-05	0.553522253198313	5.77612716188355e-05	0.136519766841497	5.77612716325907e-05	5.77612721922976e-05	5.77612716277275e-05
spot_123	9.07077128181355e-05	9.07077128179226e-05	0.179946805003348	9.07077128181215e-05	9.07077115179304e-05	0.556301886587658	0.0915587457735043	0.171557608650237	9.0707712880594e-05	9.07077096585938e-05	9.0707712741589e-05
spot_124	6.29912504415933e-05	6.29912504413267e-05	0.287241375643238	0.0010780402359693	6.29912505831343e-05	0.708723446601204	0.00251619876848627	6.29912504405152e-05	6.29912504288708e-05	6.29912483255362e-05	6.29912504413341e-05
spot_125	3.09422836399608e-05	0.0615816760066684	0.119329459772607	3.09422836442391e-05	3.09422835968002e-05	0.818841325951673	3.09422836382171e-05	3.09422836436468e-05	3.09422836417477e-05	3.09422836456131e-05	3.09422836013725e-05
spot_126	6.80674163031505e-05	0.170365407562358	5.72499619421651e-05	5.72499619421665e-05	5.72499619379573e-05	0.507890160141597	5.72499620937516e-05	0.321275615146824	5.72499619421681e-05	5.72499610572307e-05	5.72499620027827e-05
spot_127	2.9389247479423e-05	0.182789764112643	0.0221734686201454	2.93892474834997e-05	2.93892475239244e-05	0.778572825868952	0.016154716938514	2.93892474540451e-05	2.93892477217853e-05	2.9389247464757e-05	0.000132888974618511
spot_128	6.47350618506643e-05	0.310131953409964	6.4735061850667e-05	6.47350618429309e-05	6.47350617529027e-05	0.689285431032823	6.47350618365727e-05	6.47350618581525e-05	6.47350615156462e-05	6.47350628330707e-05	6.47350618729194e-05
spot_129	3.17792126673714e-05	0.0621159199524037	0.259639515338735	3.17792126669735e-05	3.17792125842598e-05	0.663913647447072	3.1779212671492e-05	0.0141084627741829	3.17792126321942e-05	3.17792117163749e-05	3.17792126673707e-05
spot_130	6.30183728466281e-05	0.305062075049051	6.30183728466247e-05	6.30183728466316e-05	6.30183730178555e-05	0.694370759595178	6.30183727326147e-05	6.30183728318703e-05	6.30183728454554e-05	6.30183729566345e-05	6.30183728463705e-05
spot_131	2.84795951897723e-05	0.00800220576182264	0.092107352483437	2.84795951897695e-05	2.8479595217033e-05	0.618334947977603	0.00461285962165061	0.276771756584783	2.84795951947165e-05	2.84795947226508e-05	2.84795951897665e-05
spot_132	6.23847418070763e-05	6.23847418070724e-05	0.22204180188766	6.2384741807078e-05	6.23847418563456e-05	0.661739726214595	6.23847417307398e-05	0.11571939396334	6.23847418177331e-05	6.2384741771542e-05	6.23847418070767e-05
spot_133	6.04180911200628e-05	6.04180911200585e-05	0.108837169313221	6.04180911200684e-05	0.00117339969537127	0.809767108773684	6.04180910426696e-05	0.0797993955799633	6.0418091117921e-05	6.04180911189205e-05	6.0418091120066e-05
spot_134	2.87073209757084e-05	0.049000965829527	0.135888158715207	2.87073209777314e-05	0.00110299705920908	0.741228561194562	2.87073209500231e-05	0.0726070732760427	2.87073209757101e-05	2.87073206778202e-05	2.87073208948789e-05
spot_135	6.6067759699114e-05	0.0852183913699021	0.119253242526478	6.60677597000036e-05	6.60677598165775e-05	0.794999824021516	6.60677597054135e-05	6.60677596788948e-05	6.60677597296823e-05	6.60677640354292e-05	6.6067759738867e-05
spot_136	9.66776535028105e-05	0.157113393302832	0.121040752843191	9.66776534739384e-05	9.66776532078926e-05	0.703318961370972	0.00252227406037116	0.0154245525092706	9.66776535105852e-05	9.66776464634695e-05	9.66776532044277e-05
spot_137	6.1923404774233e-05	6.19234047603017e-05	0.234993834599971	0.000296498476057605	0.00070099880225248	0.763559898802117	6.19234048232842e-05	6.1923404771481e-05	6.19234047602945e-05	6.19234045592866e-05	7.72288911535561e-05
spot_138	6.30593556734643e-05	0.0665126899695477	0.148563163026083	6.30593556734533e-05	6.30593557880147e-05	0.62400943420753	6.30593554514001e-05	0.160473297308616	6.30593556653123e-05	6.30593542978411e-05	6.30593556734511e-05
spot_139	5.53872985932672e-05	5.53872985932806e-05	0.178288709070892	5.53872985926305e-05	5.53872983078296e-05	0.563358748063869	0.257909444478917	5.53872985932631e-05	5.53872985903917e-05	5.53872964659919e-05	5.53872985850688e-05
spot_140	8.14881235917757e-05	0.356121048082735	8.14881235443771e-05	8.14881235443759e-05	8.14881237882304e-05	0.215751187940952	8.14881277095406e-05	0.427475859041085	8.14881238150289e-05	8.14880656903239e-05	8.14881235443623e-05
spot_141	2.91364419133295e-05	0.0350670887020863	0.237381925570189	2.91364419133296e-05	2.9136437596877e-05	0.627761166552521	2.91364426432729e-05	0.0995858640671413	2.9136441912951e-05	2.91364601697959e-05	2.91364419133306e-05
spot_142	9.02984354793527e-05	0.39214962289472	0.0777983827271527	0.0030261548374018	9.02984355399711e-05	0.501403411661462	9.0298435367367e-05	9.02984354981003e-05	0.0250806372640581	9.02984363389015e-05	9.0298436980776e-05
spot_143	4.41218177052681e-05	4.41218176966239e-05	0.180756730476486	0.00303718345274524	4.41218176571406e-05	0.802780016412798	4.41218176750928e-05	4.41218177015311e-05	0.0129850963920509	4.41218183244105e-05	0.000176242359159285
spot_144	0.00164507530583985	6.13505395447405e-05	0.227824132336036	5.08783026517332e-05	5.08783027425243e-05	0.429230427510821	5.08783028786035e-05	0.340918341163546	5.08783026494236e-05	5.08783020116257e-05	6.62816312779529e-05
spot_145	1.59492809090714e-05	0.0876737079205463	0.276077424955097	1.59492809155789e-05	1.59492809594923e-05	0.636121272844509	1.59492808615906e-05	1.59492809027854e-05	1.59492809092546e-05	1.59493134813158e-05	1.59492809092513e-05
spot_146	6.02013124192252e-05	6.02013124219228e-05	0.256365664158829	6.02013124219278e-05	0.00197219894381168	0.718523438424286	6.02013124055968e-05	0.0019361291355221	0.0208413614637382	6.02013117217017e-05	6.020131242193e-05
spot_147	5.59629630715848e-05	5.59629630715971e-05	0.297052675681191	5.59629630715925e-05	5.59629627879686e-05	0.695839559084312	5.5962963074362e-05	0.00666006153027578	5.59629630675697e-05	5.59629630049672e-05	5.59629630715938e-05
spot_148	6.14278983988118e-05	6.14278983988121e-05	0.300511057746293	6.14278983985863e-05	6.14278983808349e-05	0.698427733118385	6.14278983101964e-05	6.14278983976484e-05	0.000569785949214648	6.14278974236761e-05	6.14278983988112e-05
spot_149	2.95623439328777e-05	0.0950937668037123	0.124583974374756	0.00228107507652112	0.0038288438943376	0.74463262632248	2.9562343925936e-05	0.0294208743607495	2.95623439332481e-05	2.95623441195859e-05	4.05897915316556e-05
spot_150	5.88908970747961e-05	0.172370355844626	0.238400220047882	5.88908970747977e-05	5.88908986191521e-05	0.588758296934235	5.88908970707869e-05	5.88908970668132e-05	5.88908969802825e-05	5.88908928064353e-05	5.8890896563538e-05
spot_151	4.23528466482742e-05	0.288909958926684	0.00450695526850543	4.23528466482742e-05	4.23528467185775e-05	0.706244263036472	4.23528456277401e-05	4.23528466512077e-05	4.23528466442687e-05	4.23528427663044e-05	4.23528466341419e-05
spot_152	6.42831644490609e-05	6.428316444907e-05	0.143389211296566	6.42831644490605e-05	6.42831646067349e-05	0.437876121863342	6.42831648928398e-05	0.418220401591747	6.42831657507418e-05	6.42830965510273e-05	6.42831631956984e-05
spot_153	5.91184475201975e-05	5.91184475202033e-05	0.196343248701726	0.00604053403701766	0.00205158001558686	0.534436094378772	5.91184475120804e-05	0.259020839215049	0.00181211141461885	5.91184471563048e-05	5.91184475201998e-05
spot_154	3.94860874062425e-05	0.166765173323644	0.0164039554422441	3.94860874062454e-05	0.00508394116517439	0.776253027344095	3.94860882319537e-05	0.0352274759941654	3.94860874062445e-05	3.94861059588838e-05	6.8996274267831e-05
spot_155	6.71132760581237e-05	0.00033049295346869	0.364951852120011	6.71132761155398e-05	6.71132740194292e-05	0.559866739853193	6.71132754996226e-05	0.0743811221422976	6.71132760115671e-05	6.71132772671994e-05	6.71132760581206e-05
spot_156	0.000264150859163899	0.197126990598296	9.47702390009424e-05	9.4770238997979e-05	9.47702389233046e-05	0.611723298811796	0.00379665502719882	0.18181744644959	0.00479760706163864	9.47702381138031e-05	9.47702372807603e-05
spot_157	6.44235223201054e-05	0.199699816810612	0.0685384764698977	6.44235222696331e-05	0.00161351442037872	0.729697227633547	6.44235222851358e-05	6.44235223129866e-05	6.44235222531559e-05	6.44235318524096e-05	6.44235222706584e-05
spot_158	9.20404481571265e-05	0.000101129192823893	0.249619785718547	0.00666388273409439	9.2040448207061e-05	0.673411324479511	0.0696516351903995	9.20404481537342e-05	9.20404481415491e-05	9.20404417379605e-05	9.20404502275928e-05
spot_159	0.00101881864860301	0.294327316844514	0.0621276873353823	8.6956090341622e-05	8.69560903657485e-05	0.296588678024048	8.69560903399358e-05	0.341132409549246	0.004370309147333	8.69560894828859e-05	8.69560903434352e-05
spot_160	5.5770386552908e-05	5.57703865480486e-05	0.169052008284733	5.57703865480496e-05	0.00502349967601099	0.793750701806992	5.57703865473703e-05	0.0317265562409994	5.57703865480487e-05	5.57703862020437e-05	0.000112611672318714
spot_161	3.92813093721024e-05	0.252457038291258	0.142734085856366	3.92813093721025e-05	3.92813094117784e-05	0.596416217252244	3.92813094202127e-05	0.00312600783360714	0.0049989018904596	3.92813382276562e-05	7.1342300260422e-05
spot_162	6.34154594738202e-05	0.122914436637038	0.0361979902188848	6.34154594795983e-05	0.00110973552210163	0.792954531527349	6.34154594312831e-05	0.0464428133350727	6.34154594797616e-05	6.34154625286456e-05	6.3415459160305e-05
spot_163	6.33312069926498e-05	8.50919765509665e-05	0.421696396743666	0.000136311503876925	6.33312069468503e-05	0.577638881327558	6.33312069946229e-05	6.33312069526831e-05	6.33312067984304e-05	6.33312066695512e-05	6.33312069926511e-05
spot_164	6.70879348630081e-05	0.18946349808538	6.70879348653753e-05	6.70879348662684e-05	6.70879348306339e-05	0.80990708144155	6.70879355977883e-05	6.70879348861166e-05	6.70879348590512e-05	6.70878801707381e-05	9.27170481310896e-05
spot_165	6.02699555941329e-05	6.02699555941446e-05	0.213763059763999	6.02699555932637e-05	6.02699556492378e-05	0.76782014428694	6.02699556908757e-05	0.0179346363087852	6.0269958578441e-05	6.02699481999766e-05	6.02699553754489e-05
spot_166	6.13627794032184e-05	6.13627794032318e-05	0.337223761127826	6.13627794002189e-05	6.13627798698859e-05	0.662223973869191	6.13627794249863e-05	6.13627793728858e-05	6.13627736071429e-05	6.13627807310882e-05	6.13627717712088e-05
spot_167	0.000105547951289806	0.103015113985286	0.12184458777753	3.39313663826056e-05	0.00656059627672969	0.54705547444533	3.39313666543977e-05	0.219960355977019	0.00132259811451761	3.39313728773155e-05	3.39313663826128e-05
spot_168	5.62594279170828e-05	0.0115140981091986	0.181849333516218	5.62594279163506e-05	5.62594278505608e-05	0.537065460085761	5.62594279159174e-05	0.249623970619643	5.62594279185864e-05	5.62594334265547e-05	0.0196095810962337
spot_169	5.84601386845981e-05	5.84601386845954e-05	0.242620286080158	0.00375308600073239	5.84601387368712e-05	0.554914367357918	5.84601386817474e-05	0.198303039590657	5.84601386845967e-05	5.84601384855531e-05	5.84601385774589e-05
spot_170	0.00641420815490186	0.000118421370438024	0.150407474921212	4.14555774209584e-05	4.14555774530273e-05	0.836434616737596	4.14555774182858e-05	0.00374231995004729	4.14555774185301e-05	4.14555778893859e-05	0.00267568097820513
spot_171	0.00411695118866871	0.00013415522710755	0.243003165516659	4.23594487826193e-05	4.23594487100513e-05	0.750894047861721	4.23594486465598e-05	0.00159752351449066	4.23594485607561e-05	4.23594480299799e-05	4.23594486236246e-05
spot_172	2.15624428533361e-05	0.167955934607514	0.240757647258656	2.15624428533362e-05	2.1562442812039e-05	0.585913994288752	2.15624428765582e-05	0.00522148674534881	2.15624428679731e-05	2.15624426127163e-05	2.15624428526589e-05
spot_173	4.00547521078511e-05	4.00547521066279e-05	0.235830889420033	4.00547521083633e-05	4.0054752144586e-05	0.763726781127486	4.00547520816106e-05	4.00547521064113e-05	4.00547522770142e-05	4.00547530920527e-05	0.000121891434456424
spot_174	6.14105341858624e-05	0.035766835337385	0.249593608184094	6.14105341858609e-05	0.000991904504432632	0.713217778233406	6.14105342963344e-05	6.14105341937849e-05	6.14105341845727e-05	6.14105354492667e-05	6.14105341872327e-05
